0.963489736443175 0.26774040873168 0.00161285487704559 1.12997525152396 -0.266769901083585 0.960476142680524 -0.0794946489859316 -0.31994545954245 -0.022833038442483 0.0761620172640863 0.996833987924644 -0.00526662370164309
0.963488933257251 0.267742094067572 0.00180181994517134 2.16739521452414 -0.266766820154835 0.960511501867101 -0.0790766618256301 -0.611319089202089 -0.0229028198106981 0.0757088227706558 0.996866909371256 0.000440090070646081
0.963478544337214 0.267776591998854 0.00218892195435778 3.19910663359792 -0.266732025165293 0.960380359998979 -0.0807687493988512 -0.903369618582585 -0.0237301781085697 0.0772351015129278 0.99673046393758 0.00467604066709144
0.9637325714877 0.266549135746405 0.0130800950512433 4.3305811184138 -0.264548839466597 0.960652712715021 -0.0846184205131968 -1.22569209312556 -0.0351203956495657 0.0780892040304915 0.996327573654018 0.00411221013789561
0.963961041091767 0.26576806876392 0.0121014413510093 5.36455968284946 -0.263817690521607 0.960778559033902 -0.0854680447219013 -1.51930923022336 -0.034341482570224 0.0791952910609958 0.996267418140653 3.39682647363553e-05
0.963540265934925 0.267121851690453 0.0153646435532212 6.48681249066463 -0.264827759321818 0.960305687208451 -0.0876313015291358 -1.83735533269339 -0.0381629901165962 0.0803673034546291 0.996034478680729 -0.00575191381651085
0.96383141922362 0.266165294640381 0.0136026191000441 7.52921521912286 -0.264025961966236 0.960549859133029 -0.0873742497954734 -2.12728096008811 -0.0363219868011821 0.0806226025908208 0.996082681922689 -0.0132909065641762
0.958307856894115 0.285537760939969 0.0106882408466762 8.57080130518625 -0.283613339631898 0.955070187531107 -0.086048884200431 -2.40702995870116 -0.0347782259157864 0.0794299941249291 0.996233582567594 -0.021178927677526
0.962887797457222 0.269441337589041 0.0157624587614671 9.70166244836242 -0.26718465297742 0.959832860641703 -0.0856343438446391 -2.7096336431448 -0.0382027580328252 0.0782447776570056 0.996201939391854 -0.0287947842245974
0.960824826047139 0.276729226061238 0.0153814529558181 10.7479336338742 -0.274488893859734 0.957792058267038 -0.0853827867210543 -3.00035385798413 -0.0383601459739597 0.077815863190879 0.996229486933967 -0.0328747566564236
0.967072441528621 0.253980150843053 0.0162780777001207 11.7778806224211 -0.251728191707427 0.963992778281948 -0.0857370452019557 -3.31050576290569 -0.0374674570204592 0.0788162825689807 0.996184813810382 -0.0327327842465459
0.953547223527345 0.300860849881603 0.0151803001225175 12.8869406205853 -0.298448927140672 0.950349034163457 -0.0881189602365326 -3.6394995124591 -0.0409381288271924 0.0794950455884235 0.995994280774253 -0.0333690038852677
0.944209780684254 0.329172168158202 0.0106570995219112 13.9170727588205 -0.326964020627692 0.940777442398867 -0.0896232842983472 -3.94674928682024 -0.0395274496415598 0.0811386935036315 0.995918718139867 -0.0333888306027938
0.923954296361469 0.382470896615596 0.00494686539572815 14.9315211004165 -0.380471961334563 0.920302587888305 -0.091017764004177 -4.24575060529786 -0.0393642588322481 0.0822141105173028 0.995836982220702 -0.0329288534115701
0.930837087969965 0.365295983458827 0.0100578391537297 16.0291273314287 -0.362910507996633 0.927287142638918 -0.0918396335041593 -4.56860154675186 -0.042875154171384 0.081837641494612 0.995723014492172 -0.0313350701519584
0.922331098871936 0.386343100251837 0.00665980040871394 17.0458642677411 -0.384119552257738 0.918620300800947 -0.0926763860413956 -4.8662180018406 -0.0419227101580959 0.0829201534259191 0.995674010170408 -0.032830287668289
0.900401213777837 0.435057238208608 -0.00168929266097444 18.0477064928874 -0.433224130138099 0.896237482350751 -0.0952639926503005 -5.15884086374323 -0.0399312821417396 0.0865076569552529 0.995450610525016 -0.0357199967491184
0.911845866535122 0.410526107249791 0.002330439689007 19.130687260425 -0.408472169412593 0.90782253511356 -0.0949143379862153 -5.47651841628276 -0.0410804393620756 0.0855953270121941 0.995482715819563 -0.0385675291858171
0.886815003051016 0.46208772717557 -0.00583804396535393 20.1351914004909 -0.460605819999642 0.88280655174485 -0.0921676232677488 -5.76522859264049 -0.0374356640929793 0.0844246681372494 0.99572639136654 -0.0434000237903388
0.877184887878237 0.480029770652851 -0.0108670034974308 21.1238427479178 -0.478905849803988 0.873052808440921 -0.0918040342084304 -6.05291204208008 -0.0345812015633102 0.085733382998652 0.995717795129746 -0.0486412823462761
0.860193074587446 0.509901422735458 -0.00827124683174069 22.1969445774482 -0.508429895117659 0.85622606241643 -0.0915203353878456 -6.36161913138694 -0.0395842921174732 0.0829305078436994 0.995768856053624 -0.0490550039327337
0.877302007512711 0.479906837967326 -0.00553303590874493 23.1916107754695 -0.478491192270894 0.873703133517201 -0.0876870195719088 -6.64796328292929 -0.0372473694822003 0.0795755072520951 0.996132708082727 -0.049050459894162
0.887109786166193 0.461525466634223 -0.00552004857165904 24.1755287661147 -0.460282646267386 0.883705770923725 -0.084876357021244 -6.93146538728489 -0.0342945015018883 0.077835429491769 0.996376200580166 -0.0514430364493044
0.885840174479242 0.463985662911299 -0.00211893637189116 25.2414869370541 -0.462517117013216 0.882654365701656 -0.0836611449694003 -7.2406715240934 -0.0369472833692518 0.0750904475986883 0.996492008463219 -0.0544387717354033
0.886146972121934 0.463380198200348 -0.00472606759705693 26.2336510762428 -0.462154397541902 0.882962334147184 -0.0824064882763508 -7.56216700516988 -0.0340125951936555 0.0752084329923502 0.996587595234371 -0.0606764218960971
0.891296036997422 0.45335064494137 -0.0080353695579423 27.2218391854565 -0.452520936845436 0.888268822723661 -0.0787610328376418 -7.85160721805674 -0.0285687967758105 0.0738355693982733 0.996861140050315 -0.0580590131591388
0.886676183059129 0.46234145578572 -0.00676200100808691 28.2974429399021 -0.461476997410985 0.883910065248025 -0.0757758366088774 -8.16214775328489 -0.029057309858864 0.0703091374941737 0.997101949616282 -0.0505222246825827
0.885762284606782 0.464093824904232 -0.00648820883856041 29.300770642986 -0.463304525888798 0.883245083408087 -0.0722982636471946 -8.45008473723691 -0.0278224991531779 0.0670450917010593 0.997361952462428 -0.0378192975148802
0.886746426088115 0.462212527153521 -0.00635260279803804 30.3074279402183 -0.461439774987578 0.884280323716987 -0.0715656561934328 -8.7745884812766 -0.0274610611478723 0.0663919334658895 0.997415661242239 -0.022735422332628
0.888007968368714 0.459814889701226 -0.00348070721506435 31.3971612337671 -0.458929796077196 0.885774954419238 -0.0691821681948649 -9.08433291944028 -0.0287278677630432 0.0630317168784786 0.997597971269559 -0.0120933102155828
0.887955695579703 0.459887498363752 -0.00617831176732232 32.4103936486359 -0.4592453911356 0.885823766359575 -0.0664072712377856 -9.36410807954172 -0.0250669784432353 0.0618040759276396 0.997773472683282 -0.00371012291638213
0.891438618006345 0.453122853574135 -0.00410729786705329 33.498878824681 -0.45237841560148 0.889375158003136 -0.0660726677590128 -9.66940509708796 -0.0262861070687433 0.0607577805365877 0.997806360312179 -0.00150099467903469
0.888286407704446 0.459251904866619 -0.00591149421978707 34.5251068389453 -0.458627523950554 0.886240748723215 -0.0651009184075028 -9.9811802739162 -0.0246587137237951 0.0605394349073299 0.997861175043196 0.00953967735819386
0.882318273133729 0.470569781769918 -0.00886258310681528 35.5428388849285 -0.470137864299405 0.880314884800192 -0.0633726451335356 -10.2847026831976 -0.0220193879639622 0.0600814787121519 0.997950581175968 0.0194498692890259
0.887126994923512 0.461488733395905 -0.00581754472455559 36.6527948195322 -0.46089333867528 0.885182221628463 -0.0634804290916047 -10.6154356868359 -0.0241459156532082 0.0589964699074835 0.99796612732884 0.0262180975540495
0.881689068114979 0.471782013775303 -0.00679107095074409 37.6860152739155 -0.471269508176019 0.879846925030546 -0.0614364645615981 -10.9216882406116 -0.0230095160764295 0.0573682838545401 0.99808789301219 0.031711438634563
0.87437937524101 0.485176119428418 -0.00805240892657961 38.7094644896379 -0.484753539577807 0.872632113728196 -0.0593902345259707 -11.2261749791429 -0.0217879328970493 0.0558330298895228 0.998202363628452 0.0337748499250308
0.877809288327812 0.478975400798053 -0.00578089575794082 39.8197894938524 -0.478446071792938 0.876125907641367 -0.0590994953066461 -11.5593138718486 -0.0232424119085576 0.0546439327824911 0.998235358469502 0.0280930541082925
0.868489201027671 0.495622462608912 -0.00921315666828684 40.8489140251996 -0.495300440980574 0.866871512424326 -0.0566679284217502 -11.867220390043 -0.0200992751800934 0.0537787644395246 0.998350571509123 0.0148061328689198
0.856858101051481 0.51539258475283 -0.0128327021412801 41.8733226884823 -0.515270748872048 0.855302242883644 -0.0543518967014921 -12.1709690468312 -0.0170367256035063 0.0531841790385761 0.998439378771041 -0.00139401184834773
0.85061162316065 0.525687657372063 -0.0105996901216992 42.996900352849 -0.525424021051782 0.849082869290147 -0.0546614963186235 -12.5056235599718 -0.0197348586460702 0.0520650359136203 0.998448680398513 -0.016733960768582
0.847420296347136 0.530762961684609 -0.0130199785988597 44.0330826972806 -0.530602934890447 0.845804409934459 -0.0554565200951935 -12.8451405130401 -0.0184219115342792 0.0539034195502155 0.998376208919371 -0.034657142722735
0.842165892444917 0.538969993931236 -0.0163693385394639 45.0642192738079 -0.538983636282527 0.840515133562397 -0.0550540649930022 -13.1849276597307 -0.0159138123063428 0.055187461387092 0.998349184746262 -0.0525584680730927
0.842297161085751 0.538804645573866 -0.0150015444173325 46.1916048227266 -0.538735252174714 0.840642266653635 -0.0555419443275956 -13.5601819568527 -0.0173153253256221 0.0548646828429984 0.99834365129719 -0.0677493953301954
0.841519982478054 0.539917371682058 -0.0182578981833592 47.2493886305848 -0.540019586377264 0.839783756145277 -0.056054341878769 -13.908429474066 -0.0149320266228132 0.0570304714207363 0.998260767490371 -0.0765716488460333
0.83950874693186 0.542957045957823 -0.0205599141450937 48.2973273335781 -0.543193131564047 0.837773187308357 -0.0554734932093093 -14.2561455532845 -0.0128951791977667 0.0577384869212416 0.998248456788941 -0.0820925461833034
0.84145425785462 0.539995618222859 -0.0189595421474993 49.4354163806973 -0.540090505208705 0.839524885264454 -0.0591625997156475 -14.6381604182383 -0.0160305371630769 0.0600224901334487 0.998068295537155 -0.0837249301418858
0.831602308180624 0.554914741861141 -0.0225217737720852 50.501077401212 -0.555206917607069 0.829684407319249 -0.0580436292160139 -14.9889419496073 -0.0135233009992176 0.0607734606262605 0.998059971551606 -0.0783290172691511
0.825692927831756 0.563402714194166 -0.0284353752792061 51.5585517704883 -0.564073399491527 0.823928658390782 -0.0544312949362844 -15.3342377032836 -0.00723801869957129 0.0609831740811735 0.998112550549431 -0.06944970151025
0.809391601766184 0.586581609865436 -0.0284121445520076 52.7071283771021 -0.587222340383913 0.807767318154245 -0.0517868967591386 -15.6993316074319 -0.00742683946312492 0.058600125337535 0.998253909266582 -0.0636876566484735
0.812499215083151 0.582336091480508 -0.0270129977690193 53.7753183059133 -0.582921828206155 0.81102423611726 -0.0494148826894476 -16.0389224475318 -0.00686787376548481 0.0558960194434475 0.998412974334929 -0.0498574466714939
0.820030647954863 0.571778832310463 -0.0248737479365299 54.833339486541 -0.572278079418795 0.818672788602102 -0.0476724765372646 -16.3720077879754 -0.00689465238164059 0.0533275925215305 0.998553269307348 -0.0367663204002608
0.825055929470343 0.564677354171901 -0.0205474799245645 55.9843443934358 -0.564971579640903 0.823784315176945 -0.0467601995987759 -16.7153013985016 -0.00947773411171753 0.0501885221328076 0.998694790615347 -0.0247882947263907
0.83429052045688 0.550919595672404 -0.0211406381157966 57.0599891674457 -0.551277779518185 0.833103242994933 -0.0450754514212348 -17.0353757856416 -0.0072206152984856 0.0492603858641245 0.998759869587895 -0.0151195154936396
0.842615148819276 0.538226885729274 -0.0176502254500456 58.2133691109459 -0.538429596806414 0.841439161345551 -0.0455379735713112 -17.3688586573313 -0.00965817079746268 0.0478743901503289 0.998806669233131 -0.00133820851208163
0.844825382266806 0.534711447142543 -0.0188080241512245 59.2857485579873 -0.534979820570615 0.843668500497646 -0.0449449980563877 -17.6902484588989 -0.00816486741956288 0.0480325885496783 0.998812397488757 0.0126046909973788
0.844802009285128 0.534680541493474 -0.0206466378874738 60.3475358696252 -0.535041789930481 0.843658902709303 -0.0443839938189894 -18.0100041010331 -0.00631253798399799 0.0485425012497413 0.998801170121771 0.028639872283013
0.844807478511394 0.534608527814428 -0.0222271509490318 61.4098201223931 -0.535057592569859 0.843770738817355 -0.0420037254176821 -18.3278041261666 -0.00370093023019924 0.0473778672346726 0.998870182161689 0.0486432191234942
0.84104183974549 0.540615834386393 -0.019574049356902 62.5624307470044 -0.540936977193155 0.840039419042423 -0.041484468901076 -18.6826289706641 -0.00598418771895209 0.0454785011359776 0.9989473937259 0.0696264267229402
0.844203008508298 0.535701553764578 -0.0185775595747865 63.6377421435021 -0.535991606884775 0.843266952704882 -0.040172675102637 -19.0111035469217 -0.0058547224200388 0.0438713091899599 0.999020035062032 0.0928879070912671
0.851356949183289 0.52430443461183 -0.0172106049775522 64.700399780107 -0.52455910734086 0.850516369590795 -0.0382053394679024 -19.3342089405277 -0.00539332764490277 0.0415543608357261 0.999121687840099 0.111209142877064
0.838684807012866 0.544433871222962 -0.0141263707642851 65.8636883938787 -0.544564978384436 0.837963507056613 -0.0355829335291928 -19.6771133137141 -0.00753517106314556 0.037535592529786 0.999266881513886 0.123657144249862
0.843754394452778 0.536510607327588 -0.0153261236654625 66.9473586274066 -0.536712555271564 0.843157080137889 -0.0320276634680205 -19.9979437814363 -0.0042608514989079 0.0352492047900952 0.999369470569404 0.133461715519649
0.849805012805902 0.526817358550531 -0.0171729711990241 68.0210454298368 -0.52709636307167 0.849295086632608 -0.0294496155888551 -20.3169408506214 -0.000929648632634831 0.0340782416147559 0.999418735666821 0.139109625671327
0.842822896110473 0.53800261978652 -0.0142389218270082 69.1907688262656 -0.538183441191613 0.842375679777361 -0.0276006838101189 -20.6608739290843 -0.00285471874442081 0.0309256402111914 0.999517611329795 0.143787244416591
0.844976293586078 0.534573519456071 -0.0156912578808904 70.2811965202896 -0.534803742252043 0.844604622035161 -0.0250597228647093 -20.9795806070446 -0.000143355316635935 0.0295666151798583 0.999562801786891 0.151266301806217
0.843956260648456 0.536097781386899 -0.018357529907904 71.3621952204213 -0.536403670415098 0.843639481475947 -0.0233136796797142 -21.2906456355395 0.00298872506042357 0.029522772346802 0.999559639759165 0.15587032882385
0.848793525417875 0.528533919983121 -0.0141931897743508 72.5311065713302 -0.528723930683024 0.848448931428518 -0.0241953689970066 -21.622340768054 -0.000745876523816016 0.0280411516361803 0.999606491317022 0.159056645927075
0.844911101668934 0.534713095364824 -0.0143922174093619 73.6218495073918 -0.534906669988823 0.844590454010292 -0.0232770143308792 -21.9206923519338 -0.000290994947728158 0.0273655009100635 0.999625452197913 0.164510629277969
0.839487119791404 0.543129987226587 -0.0164679288188043 74.701898494366 -0.543377218553262 0.839187329373601 -0.0224905441491506 -22.2162275765464 0.00160438824931965 0.0278288194872068 0.999611415873335 0.167002391128421
0.846566926639275 0.532140047847167 -0.0123048038484436 75.8767973508406 -0.532279862784993 0.846266985847249 -0.022590625015752 -22.5316840934753 -0.00160822701251582 0.0256740752944912 0.999669072975476 0.164809300175595
0.844310381429059 0.535664265150301 -0.014274972928358 76.973029932549 -0.535854348874857 0.844026046805357 -0.0219123048999174 -22.8308329776705 0.000310810267011765 0.0261500928317704 0.999657979531933 0.160696886925512
0.847732260216884 0.530324233284413 -0.0103064338581628 78.15483660008 -0.530413350058781 0.84742933933003 -0.0229170879932897 -23.1464240819835 -0.00341951268388142 0.024894224912008 0.999684242398086 0.152499063213033
0.845686332984635 0.533567516320118 -0.0109695820787452 79.255593652364 -0.533669374416132 0.84535909310361 -0.0237697816005476 -23.445157971237 -0.00340954737426235 0.025955909443183 0.999657274145334 0.146048761721697
0.842625362484605 0.538323757468693 -0.0137851602267388 80.3441811538146 -0.538495947428624 0.842240420925247 -0.0255575421864547 -23.7447713048017 -0.00214781298958661 0.0289586861658299 0.999578301782762 0.139662548956515
0.847142238827607 0.531249346836142 -0.0111426514045292 81.5239977849742 -0.531335653025401 0.846682477936217 -0.0284816674346774 -24.0745052450507 -0.00569657951951046 0.0300485114766158 0.999532208555491 0.131944910486304
0.845394312238679 0.533947666179809 -0.0144342168345451 82.6262250498061 -0.534133931256658 0.84491654551934 -0.0285827673253368 -24.3804563029031 -0.00306599328120333 0.0318735139073278 0.999487207920341 0.124293004678881
0.846998415330961 0.531292312539702 -0.0179489014443153 83.7188162875543 -0.531595259826022 0.846540967199964 -0.0278364973129779 -24.6855730160966 0.000405163358430098 0.0331190200393392 0.999451332659218 0.115704514188525
0.847398296584084 0.530729421619663 -0.0155694564340387 84.9086660798618 -0.530954116086331 0.846919694015309 -0.0285439748458465 -25.017461168701 -0.00196304798156169 0.0324547826409888 0.999471276989163 0.104655771821907
0.857812550877411 0.513708276036979 -0.0161689420898605 86.0187785560706 -0.513961333433847 0.857313946705755 -0.029266781830351 -25.3304229238619 -0.00117272848210501 0.0334156238145852 0.999440854074411 0.0987167032281005
0.867878164162558 0.496461050180705 -0.0177177262452062 87.1183380632961 -0.496775906356097 0.867402269239463 -0.0287576456322452 -25.6354830959458 0.0010913449995463 0.0337598722109817 0.999429377192 0.0928164172848873
0.865642935660633 0.500409850542815 -0.015883621141298 88.3118463384478 -0.500659373468097 0.86510269548529 -0.0306189160915215 -25.9645182045845 -0.00158104376173732 0.034457332221218 0.999404919217841 0.0864761875112107
0.864004552165327 0.503152387529859 -0.0182704340560595 89.4181428915213 -0.503483813066708 0.86340428163088 -0.0322039817611913 -26.2643650258546 -0.000428739319855161 0.0370232546444469 0.999314312315263 0.0755096024515425
0.854878049995663 0.518297894064163 -0.0234693980380337 90.5094549681733 -0.518823985503025 0.854193385071776 -0.0342831294717837 -26.5598806940641 0.00227853074855031 0.0414843814980367 0.999136554425546 0.0622359156652373
0.865970360611907 0.499683983852856 -0.0202793200730004 91.6928171395946 -0.500093934814628 0.865160040606814 -0.0374721296277686 -26.8823354471905 -0.00117936563801849 0.0425913185773268 0.999091882000117 0.0465321073027643
0.857563327692354 0.513782363028328 -0.0247552507207034 92.7905549416364 -0.514377868879231 0.856637936693654 -0.0398353288489329 -27.1839135008663 0.000739597511702204 0.0468948702766964 0.998899556580767 0.0303274542482323
0.849277527907123 0.527173672266274 -0.0285587090264811 93.8755770680308 -0.527941818065438 0.848258056996684 -0.0416617987846502 -27.4821356048034 0.00226215157061382 0.0504597662450338 0.998723532645931 0.0148210397667586
0.852387884232881 0.522220249620844 -0.0268496871292307 95.0515025037301 -0.522909779229358 0.851312927400429 -0.0427979255013424 -27.8057601051043 0.00050754241120573 0.0505203971367689 0.998722900445286 0.00127811138549571
0.849969804879553 0.525899942767557 -0.0313142298339925 96.1421269036997 -0.526818453199554 0.848862962938738 -0.0435199669037077 -28.1098920733762 0.0036943418151216 0.0534875719017881 0.998561681365054 -0.0134232762800933
0.846766955608612 0.531068578941787 -0.030852671684562 97.3112481788475 -0.531958514395157 0.845596817808539 -0.044566362590785 -28.4388410826014 0.00242112614766454 0.0541496645679894 0.998529895383884 -0.024343426074232
0.851722599213054 0.522825732996816 -0.034955212860211 98.3960539462929 -0.523943413301166 0.850662282878906 -0.0430926924846241 -28.7475842169504 0.00720511263510515 0.0550175735887404 0.998459389734166 -0.0324987997234436
0.856063515612083 0.515494387327909 -0.0376934194695452 99.4691348777489 -0.516769403489762 0.855060170751119 -0.042678894220744 -29.056224230726 0.0102294112596677 0.0560146501238123 0.998377542874832 -0.0351781693370999
0.844642820047691 0.534269554323701 -0.0336830797974093 100.632254149732 -0.535317016963131 0.843391204943991 -0.0461190499991162 -29.3933120283988 0.00376800896770136 0.056985250248454 0.998367909822096 -0.0307153063918788
0.84173546841283 0.538907820452492 -0.032553990093082 101.712006299138 -0.539885958876886 0.84043563105171 -0.0468092027949989 -29.7072542642695 0.00213368775175885 0.0569764083973515 0.998373244965387 -0.028998697995102
0.836727231761857 0.546510461928968 -0.0348404166210365 102.779622244755 -0.547612135604291 0.835358773368564 -0.0479235713931953 -30.0203773223043 0.00291351455281768 0.0591779921791589 0.998243195155666 -0.0295748078038042
0.836826460450829 0.546519066949668 -0.0322239747673046 103.940151511962 -0.547468240003652 0.835371767569364 -0.0493207475140336 -30.3501615232261 -3.57301531560203e-05 0.0589145093207358 0.998263031126993 -0.0329577288546191
0.835683850878196 0.548106746332384 -0.034806551198289 105.021996867257 -0.549207892845516 0.834205661544603 -0.0497152359254471 -30.6575165450311 0.00178656586221107 0.0606622524463273 0.998156750871604 -0.0371107489743261
0.834871306468336 0.54925143378321 -0.0362320869250378 106.097061634634 -0.550434485803117 0.833454929827333 -0.0487314763287225 -30.9519568145091 0.00343197822168174 0.0606279014448482 0.998154536678504 -0.0370727661243979
0.832634915200116 0.552861871466339 -0.0326013660516701 107.264054314949 -0.553822260504743 0.831186571401608 -0.04908958434393 -31.2769671969969 -4.19417983935351e-05 0.0589290641396954 0.99826217179682 -0.0358094582737971
0.832132600377884 0.553625071699688 -0.0324748421683388 108.357387928379 -0.554575832792304 0.830807934064206 -0.0469448866085748 -31.5739062328444 0.000990490316332627 0.0570741332083431 0.998369451779975 -0.0309451440981999
0.833879400089541 0.550945219794938 -0.0332341825748229 109.438177088622 -0.551940035267486 0.832651980308715 -0.0453086874330358 -31.8706383430344 0.00270990317845351 0.056125256997938 0.998420057867268 -0.0276232456256037
0.825232342846846 0.564050182521608 -0.0289650119428214 110.612969526283 -0.564793096833873 0.824093182924678 -0.0433495516225928 -32.1911321380725 -0.000581453619542529 0.0521326908418885 0.998639997425134 -0.0239915829055261
0.8268597980071 0.561648209712543 -0.0292260665563506 111.703457234018 -0.562407559560409 0.825814042719157 -0.0415800889507473 -32.491408661417 0.000781913656803382 0.0508178647184391 0.998707631510089 -0.0214473244068585
0.829571695189061 0.557642940706784 -0.0290715190700606 112.782166556765 -0.558397629535651 0.828601324562082 -0.0401488762349906 -32.7919787954779 0.00169996179873102 0.0495398386539191 0.998770701670822 -0.0179018731167244
0.821070577902566 0.570293733475827 -0.0246609744525748 113.952415554416 -0.570821557638266 0.820113474517154 -0.039706904321903 -33.1154035805804 -0.00241980126722578 0.0466791867282029 0.998907001721491 -0.00410189883743113
0.822666371708886 0.568011010263496 -0.0241564293467056 115.033247995138 -0.568521941245855 0.821793791758587 -0.0379178869280945 -33.4103399461432 -0.00168617359290644 0.0449272305677605 0.998988839162943 0.00907566212787576
0.823804010456994 0.56630524531028 -0.025403178719187 116.098623238614 -0.566874522961979 0.82301384273333 -0.0360761678390262 -33.6983019325162 0.000477044657384894 0.0441201065658662 0.999026120091467 0.0231040091162844
0.821891258837746 0.56923254145828 -0.0216580791173903 117.251039206289 -0.569641488672092 0.821170933094138 -0.0344510235660574 -34.0143176020157 -0.00182565866249203 0.0406523355571637 0.999171684238597 0.0355492896980854
0.820734561887535 0.570865704351705 -0.0225194697608833 118.324633254792 -0.571309703687839 0.820099293187115 -0.0322857830338828 -34.3066454033938 3.73549616650103e-05 0.0393636495898071 0.999224950496923 0.0483648896352802
0.821005871192247 0.570382198595457 -0.0247690733229014 119.384245363763 -0.570913323174674 0.820429454021957 -0.0308786073987788 -34.5927743157818 0.00270866932525618 0.0394925119313723 0.999216195130882 0.0603572692657885
0.819133079078403 0.573231236584009 -0.0206627240195075 120.531033013862 -0.573602806167558 0.818543568840609 -0.0310845084629754 -34.8963584480093 -0.000905271363941462 0.0373145456095708 0.999303159791716 0.0747478682150365
0.815854879724095 0.57788176256731 -0.0208202719118836 121.595417699927 -0.578255710923881 0.81525776644543 -0.0312267038659091 -35.1821455526265 -0.00107145429353046 0.0375158998627358 0.999295456430772 0.0854020890388597
0.809077151120285 0.587285082820296 -0.0221448646833355 122.644285205155 -0.587702366354537 0.808483011001743 -0.0310024112422897 -35.4658674243461 -0.000303506776647932 0.0380979319427684 0.999273964168646 0.0938209439381863
0.814275371904188 0.580159621383687 -0.0192466211641516 123.770210815328 -0.580477600228844 0.813759039859182 -0.0290169033500885 -35.7519875764839 -0.0011723237022412 0.0347999822327814 0.999393609592204 0.0993179128940577
0.811760021858199 0.583615617025321 -0.0209398776723672 124.815945715055 -0.583989546137718 0.811319903502354 -0.0267623650448873 -36.0239695321594 0.00137000534376695 0.0339532876918797 0.999422481906561 0.100083393127428
0.811482297009457 0.584101648363891 -0.0179372801406383 125.935151618765 -0.584375491087559 0.811028010804251 -0.0271818157428196 -36.314821852123 -0.00132930674920425 0.0325396691668315 0.999469560754143 0.102885440534083
0.810706390592545 0.585139098908388 -0.0191672423965998 126.968814821993 -0.585452816317303 0.810250098047295 -0.0271988691031299 -36.5904725812979 -0.000384861727191648 0.0332718130409231 0.999446265858461 0.0971162895813479
0.802690117534863 0.596006571617266 -0.0215578709733524 127.989800104457 -0.596396280449978 0.80217929580917 -0.0286330934503671 -36.8515270210576 0.000227765894398423 0.0358405352099896 0.999357495673374 0.0916777710207222
0.818326812251752 0.574514008439164 -0.0165795795197386 129.097967424651 -0.574732484335321 0.817711954328009 -0.0320894250310046 -37.148126285367 -0.00487850383204867 0.0357884598192278 0.999347480281072 0.0906908351776909
0.810816093004972 0.584968157560622 -0.0197362094710487 130.133382083057 -0.585294297267088 0.810184318348887 -0.0321240702305329 -37.404528154601 -0.00280159075901064 0.0375982039688113 0.999289010320607 0.0889048297213907
0.801442827775597 0.597559005812354 -0.0247513308653636 131.152523402806 -0.598071088078243 0.800797735342946 -0.0321552588936648 -37.6642864746758 0.000606145167569676 0.0405736569976275 0.99917636628669 0.0858548347133076
0.81503787554358 0.579004089880669 -0.0216223340754036 132.256618804697 -0.57940412377611 0.814334376065227 -0.0339173305214055 -37.9450808110113 -0.00203046316136079 0.0401719785412291 0.9991907172104 0.0860296898578881
0.812352668617151 0.582749827131305 -0.0220404348647918 133.280053831108 -0.583154823944801 0.811517105420076 -0.0370194397652392 -38.2126652533019 -0.00368688222001565 0.0429258265972483 0.999071459061082 0.0862921844468221
0.812853953090299 0.582098420906111 -0.0207335313945338 134.287929083486 -0.582445739927243 0.812000329378584 -0.0375822448728031 -38.4814076944964 -0.00504093107302308 0.0426250333452593 0.999078423121144 0.0807891811586607
0.798381390392869 0.601790945095645 -0.0208521911376699 135.378331254521 -0.602094206029181 0.797345615143238 -0.04150345862627 -38.7742045343758 -0.00835000242169149 0.0456905724711582 0.998920742124627 0.076051840304037
0.793621074740269 0.607964151759447 -0.0233490878519789 136.396730032001 -0.608365338642008 0.7924980801058 -0.0428766576078134 -39.0517622186257 -0.00756336347789983 0.0482325948300343 0.998807495130499 0.0742092731821515
0.789284619137601 0.613520292999151 -0.0249527567825781 137.403660740362 -0.613981509781055 0.788076084685057 -0.0443033903268006 -39.3235135980935 -0.007516358146842 0.0502885158431598 0.998706448129029 0.07719694361275
0.797991217626813 0.602324033664558 -0.0203905630264256 138.485594184076 -0.602543344905958 0.796676883750547 -0.0474073876843953 -39.6198830703054 -0.0123099187657528 0.050116877073235 0.998667494480724 0.0814098582687975
0.797980757643518 0.602348102357659 -0.020086662659738 139.495800173547 -0.60252935990653 0.796581882776213 -0.0491495115268951 -39.8966102587396 -0.0136044434398466 0.0513231684410706 0.998589430897334 0.0861251619508915
0.797941394028681 0.602334440331085 -0.021971656437455 140.488309823529 -0.602590971700705 0.796423459802875 -0.0509292990372112 -40.1685260716314 -0.0131777281945152 0.0538785176731757 0.998460541440157 0.0889912363412748
0.801050285790359 0.598228257796858 -0.0210093124238375 141.554232051271 -0.598396455282048 0.799379894430702 -0.0539765382906573 -40.4592340947475 -0.0154958685160967 0.0558098195060424 0.998321161803973 0.0913069943679805
0.804053897648222 0.59398594562095 -0.0260389339545814 142.533295106004 -0.594431784643066 0.802217359197176 -0.0556611355325336 -40.7359806379983 -0.0121730473902741 0.0602329229532841 0.998110120131911 0.0869285874284752
0.810029687146478 0.585535523444753 -0.0316236735003963 143.494234665653 -0.58634132227081 0.808098547580424 -0.0563967303673737 -41.0135303979002 -0.0074672444114052 0.0642252923908505 0.997907486733219 0.0782933966681647
0.821876868099167 0.568752773294691 -0.0322288155709205 144.531405760408 -0.569615696775448 0.819743586944348 -0.0596524069140266 -41.3171807794386 -0.007508106986982 0.0673849726067543 0.997698799135419 0.0684268801933669
0.829148625093752 0.557920026482804 -0.0351824040476236 145.494010249158 -0.559010421745886 0.826976309302515 -0.0601459244827071 -41.5994310860823 -0.00446160112853128 0.0695372411145252 0.997569379147911 0.0618562926418272
0.826869540905823 0.561384352714682 -0.0336804223446302 146.526132212379 -0.562348118525747 0.82455528397114 -0.0622348557146911 -41.8974255186478 -0.00716630398103927 0.0704002287098019 0.99749308362758 0.0594300334476346
0.826367248264018 0.562162869723776 -0.033016342930231 147.481438329697 -0.563073820112302 0.824021436054209 -0.0627419000931692 -42.1706218786111 -0.00806499229367154 0.0704384896707109 0.997483521203339 0.0576177591975439
0.823335615921042 0.566659521949833 -0.0318661221284864 148.4239708724 -0.567462928558666 0.820893508682622 -0.0641846719580224 -42.4413317541745 -0.0102121627260778 0.0709283694040871 0.997429134398095 0.0557270602927754
0.814791813823391 0.579056504946156 -0.0284229520974356 149.436592796187 -0.579570267931364 0.812321592969168 -0.0650533175633905 -42.7329111103748 -0.0145809689787343 0.0694780085752148 0.997476917862295 0.0546664406026157
0.812043922096041 0.582834862973609 -0.0298025349494729 150.37493753516 -0.583451256903376 0.809644240901403 -0.0637246733460852 -43.0021123995627 -0.0130115104716004 0.0691355601534206 0.997522418253104 0.0456682411277038
0.811958739308985 0.58279792123733 -0.0327045663663685 151.292537343332 -0.58363707701709 0.809660830300174 -0.0617827015319239 -43.2677356250961 -0.00952722366243081 0.0692526019661428 0.997553662280985 0.0365415915154622
0.807634563401264 0.588825493134533 -0.0317954499028612 152.276806281879 -0.589579678205522 0.805307092284574 -0.0622598599680435 -43.5548838566254 -0.0110550914390175 0.0690291659448432 0.997553386642657 0.0330290656089498
0.810205197145266 0.585201079747749 -0.0332751375785346 153.180320802003 -0.586077393122144 0.807932700608949 -0.0613028592961604 -43.8213163678396 -0.00899042768477785 0.0691697010894222 0.997564396247803 0.028629152863829
0.811194868722829 0.5837812895614 -0.03409238794488 154.062894280157 -0.584715911319381 0.808896769150186 -0.0615899334984098 -44.0819924626544 -0.00837782834047458 0.0698957997051344 0.9975191171982 0.0269701523457857
0.812195688900539 0.582585227168183 -0.0305387625286026 155.005220685981 -0.583240787707063 0.809717246313837 -0.0647160302922214 -44.3634890189584 -0.0129748405087247 0.0703735327188798 0.997436323484581 0.0322163004741039
0.807063962783342 0.589619235216805 -0.0315739994109177 155.86978877403 -0.590274200850778 0.804294419590468 -0.068460604917055 -44.6242801410244 -0.0149708979833203 0.0738894043688453 0.997154064393056 0.0306580208920085
0.800531936217342 0.598343599957089 -0.0336683157658296 156.712291478922 -0.599067517504438 0.797439731882777 -0.0721663597931683 -44.8794117248684 -0.0163318268171953 0.0779410700793732 0.996824187621717 0.0274078090669598
0.799987101100773 0.599164302178892 -0.0319808859612233 157.609880706933 -0.599716948626427 0.796764253617922 -0.0742044856251011 -45.153278760408 -0.0189794521151736 0.078542110686933 0.996730112541128 0.0269587284322074
0.794806500898488 0.605834675976445 -0.0353124838268181 158.432815063153 -0.606610317058279 0.791450698371366 -0.075031428654493 -45.4048680213921 -0.017508551280982 0.0810563842765934 0.996555725085179 0.0141731469801446
0.793723232091571 0.6072432247351 -0.0354837547538332 159.30195381957 -0.608008920649235 0.790281287756622 -0.0760305111957651 -45.6711785398673 -0.0181268653954752 0.0819216225123371 0.996473915622421 0.00483010692860353
0.795948690370657 0.604176755284236 -0.0378963147476203 160.095844696985 -0.605161912922758 0.792504470726565 -0.0756024009280014 -45.916299455131 -0.0156442144228279 0.0831090383329127 0.996417656558971 -0.00866273770772047
0.800092760763834 0.598593390673026 -0.0392113097955036 160.866606658483 -0.599726508952414 0.796721650906851 -0.0745836807620453 -46.1553036394233 -0.0134047988817338 0.083189924983942 0.996443549704702 -0.0197384449082414
0.798634254740161 0.600642518062892 -0.0375751600222637 161.685418318124 -0.60161012594467 0.795166783184044 -0.0759937055392124 -46.4094048509167 -0.0157665315294736 0.0832967731416372 0.996400052221858 -0.0231467427658932
0.798280188983939 0.600995362599433 -0.0394121048631674 162.432106793667 -0.602082342007051 0.794596837317607 -0.0781838830460913 -46.6446306427938 -0.0156714172644148 0.086141977332975 0.99615960890918 -0.0297280346534697
0.79468753767072 0.605529470969559 -0.0424944379675454 163.154361408288 -0.606817825293436 0.790674647466976 -0.0812756344738174 -46.8739761847877 -0.0156155171863498 0.090375116267156 0.995785365419025 -0.0353176147175319
0.792873593377521 0.607943547676675 -0.041905939470658 163.91785955649 -0.609141253373253 0.788729426196388 -0.0827817956484573 -47.1158477349539 -0.0172742109366562 0.0911621362749759 0.995686228962869 -0.036978261544101
0.792018356075345 0.608836666781901 -0.0449981868703085 164.61271579058 -0.610313720130701 0.787819185995267 -0.0828136051502615 -47.3352185473095 -0.0149695243724485 0.0930529062397371 0.995548627632222 -0.0457384213518739
0.79233434489566 0.608128842683824 -0.0488425694942405 165.279963405091 -0.609974393560014 0.788106287547546 -0.0825815883179817 -47.5484038810254 -0.0117271096124175 0.0952249453875331 0.995386701074552 -0.0540168935368597
0.794951818688587 0.604660287400053 -0.049371477646478 165.983342340181 -0.606549197111031 0.79051276709361 -0.084779930089444 -47.774433314817 -0.0122342734838222 0.0973421897395509 0.995175773745037 -0.0560113153809641
0.796882128997421 0.602032325122333 -0.0503582365888423 166.61909032265 -0.604023752033043 0.792364609660378 -0.085519777465128 -47.9786778873228 -0.0115835859933727 0.0985667533479569 0.995063020953938 -0.0614084329322981
0.795435894837176 0.603836951033855 -0.0516011024176998 167.23071079045 -0.605925625357252 0.79076303703221 -0.0868789721337784 -48.1741281660022 -0.0116564891801858 0.100373083193334 0.994881586134881 -0.064944454093107
0.793383476571516 0.606629730311867 -0.0504284582854537 167.873148968187 -0.608551167357402 0.78847080055734 -0.089326778607615 -48.3814735791951 -0.0144269127411615 0.10155868732029 0.994724935456299 -0.0621094108725486
0.783352056598617 0.61916537148837 -0.0547156117793536 168.453869566356 -0.621398547405988 0.77796881950639 -0.0928889722064259 -48.5714004209498 -0.0149465950788111 0.106764969093356 0.994171937176887 -0.0660854823893118
0.775968573417462 0.628046068077129 -0.0585739655591851 169.013679651282 -0.630621966109831 0.770410093035171 -0.0937241932977494 -48.7538155528365 -0.0137371368284619 0.10966505789174 0.993873667097261 -0.0708357298630647
0.770558421042971 0.634479122738795 -0.0606297168752628 169.602355827348 -0.637220765885559 0.764831305647757 -0.0947774731957561 -48.9465043819087 -0.0137628225298821 0.111666094718844 0.993650475774179 -0.0724312510118603
0.768826730894282 0.636179632623417 -0.0646601337575765 170.133629847317 -0.639353221226339 0.762938730360283 -0.0956658362412928 -49.1196401985125 -0.0115289362006664 0.114891116938493 0.993311187331899 -0.0775741269150809
0.770312420462918 0.634412033614831 -0.0643439700768971 170.69050505196 -0.637538516701025 0.764203895207328 -0.0976578019034158 -49.306357789536 -0.0127833721380321 0.116248777002788 0.993137859132425 -0.0776722073579607
0.771023271218855 0.633484138042677 -0.0649689317082017 171.198118632717 -0.636677367057217 0.764785786949152 -0.0987148943050555 -49.482078066872 -0.0128470041671096 0.117475729105605 0.992992652316741 -0.0794791991493273
0.77009514872072 0.634591152141209 -0.0651730890851907 171.692386277444 -0.637796060917004 0.763820111490783 -0.0989698032783938 -49.6574827931176 -0.013024845318376 0.117783304870863 0.992953899482816 -0.0718524269448435
0.766777544546922 0.638671267523634 -0.0644298783046388 172.198841649728 -0.641731149484256 0.760300826852599 -0.100617018783463 -49.8300847230891 -0.0152751091718544 0.118497530467981 0.992836847781536 -0.0652089964174337
0.75978451010499 0.646711195319601 -0.0670233396125232 172.64463015841 -0.649972526442846 0.752929185952737 -0.10311816430705 -49.994345653541 -0.0162238427638847 0.121910913329546 0.9924084421936 -0.0665685627696309
0.751158463340733 0.65629814731231 -0.0709486066531283 173.067064469108 -0.659917920605328 0.743904682501561 -0.105423723213494 -50.1617951549549 -0.0164103935215583 0.126010178901084 0.991893206851314 -0.0683983441670624
0.744638826531289 0.663446339441669 -0.0731571780726766 173.509393946411 -0.667207381818518 0.736803730460482 -0.109336967336759 -50.3534862066133 -0.0186367290313165 0.130227560297236 0.991308960349922 -0.0632037046356218
0.742203516284482 0.666040351782831 -0.0743248963131245 173.923165655272 -0.669880138683444 0.734013886060157 -0.11173278331949 -50.521149764849 -0.0198630363339736 0.132717236513846 0.990954890456535 -0.0534367603402318
0.741868079775143 0.666378184610253 -0.0746449414648321 174.320753386785 -0.67027634633799 0.733804901759629 -0.11072481968077 -50.6786046147615 -0.019009780391715 0.132175947997682 0.991043968257903 -0.0411125546316911
0.738047277553579 0.67062201287283 -0.0745139714828432 174.73562361941 -0.674466858751582 0.730033189871873 -0.110208884085059 -50.8431380060459 -0.0195108313899491 0.131596571140334 0.991111330740689 -0.0246758513976947
0.740630249442798 0.667561200451023 -0.0763470841793542 175.075667435181 -0.671710967156594 0.732827570674884 -0.108481004144984 -50.9791095273748 -0.0164684611258913 0.131627486913405 0.99116244605867 -0.0155964857003382
0.741004979046993 0.667075853143279 -0.076950810136956 175.419900994239 -0.671325812371579 0.73332649053006 -0.107489124708079 -51.1133825163355 -0.0152733320270873 0.131309041729932 0.991223819774705 -0.00701438067473863
0.740302864159835 0.667914949821713 -0.0764283266950544 175.764783879783 -0.672091881668989 0.732662071099095 -0.107232421251343 -51.2476365975009 -0.0156260011323147 0.130751326484454 0.991292045116457 0.00159774280165517
0.739476045161202 0.669024384762388 -0.0747097799893625 176.109719930231 -0.67296087745737 0.731815804710517 -0.107560612622414 -51.3819409408225 -0.0172868749217154 0.129815255533427 0.991387494063866 0.0106990639787344
0.740481799302298 0.668275830666318 -0.0713730975177398 176.454648543658 -0.67178106286824 0.732822758402912 -0.108078713622844 -51.5160486045753 -0.0199225619249434 0.127977415640387 0.991576962526033 0.0205141357379171
0.744989733346565 0.663804965075284 -0.0659792812147652 176.799725323797 -0.666668589397163 0.737428044174231 -0.108410661729228 -51.6497700655566 -0.0233085632207327 0.124751144310468 0.991914241693209 0.0311297233031324
0.747307561034775 0.661125111263467 -0.0666708067832399 177.027379005261 -0.664132651542517 0.739913759730532 -0.107030132750261 -51.7356415252383 -0.021429661111805 0.124262687152257 0.992017920305038 0.0300425406986511
0.753068592525718 0.654680796850406 -0.0654274345107185 177.290179846293 -0.657614205426973 0.745823813915485 -0.106256272366454 -51.8324977364473 -0.0207666023217342 0.123044271836926 0.992183881846571 0.0352604497830483
0.756189416936292 0.651010873203058 -0.0660485327993427 177.522101806881 -0.654073976581721 0.749060628190953 -0.105334744755721 -51.9163015036434 -0.0190997086922771 0.122853645715416 0.992240990315508 0.0353977476769572
0.757229646678019 0.649628132938826 -0.0677240805496859 177.736493577623 -0.652919458158921 0.750136550193439 -0.104839578506166 -51.9919415139721 -0.0173044314944906 0.123606006966909 0.992180483426452 0.0351526414652174
0.760285449766994 0.646037060156565 -0.0678391610861021 177.951197199928 -0.649392548580499 0.753330201265778 -0.103840867239212 -52.0661674661116 -0.015979759720634 0.123002946164425 0.992277643864932 0.0364775635942468
0.760853646791885 0.64522199405687 -0.0692120404898552 178.13669812333 -0.648765760148469 0.753978113960069 -0.103053346031078 -52.1277148184278 -0.0143079216685359 0.123310916201679 0.992264935046598 0.035437725245012
0.761616620197967 0.644172689505468 -0.0705809459664665 178.305081728938 -0.647904423667923 0.754815599058578 -0.102338991637501 -52.1831266095458 -0.0126483844726071 0.123672784043761 0.99224244056435 0.0349161974652069
0.763487891661521 0.641940319590387 -0.070702654620882 178.472554513539 -0.645713722180634 0.756765477154801 -0.101783110456997 -52.2360827887382 -0.0118333542953859 0.123363846692866 0.992290951815675 0.0352828298863529
0.767152882133177 0.637547513196225 -0.0707786963151416 178.612770903853 -0.641381863213852 0.760601669506145 -0.100570402628195 -52.2797003880554 -0.0102840155139841 0.122549046351967 0.992409174818095 0.0355708460741187
0.778145036941917 0.624093776956953 -0.0706912939920491 178.745270371844 -0.628052208730892 0.772017231716594 -0.0976719869814204 -52.3193147127434 -0.00638158216391962 0.120400795247599 0.992704852366921 0.0353180272778997
0.792985043817783 0.605133311970154 -0.070628570885614 178.887031299409 -0.609238848958013 0.787320178401217 -0.0946306588933816 -52.3595289946865 -0.00165686500018559 0.118070366418975 0.993003848618957 0.0351520164385905
0.804117165141511 0.590170329134568 -0.0713762378805301 179.017927604317 -0.594466630104577 0.798746464222713 -0.0928090059413766 -52.3976299688515 0.00223839605351813 0.117060106359563 0.993122309225906 0.0345767044083127
0.810376696251303 0.581589443120429 -0.0710164053138059 179.147795215374 -0.585895432753165 0.805214455191685 -0.0914123789721222 -52.4349644001698 0.00401896153371766 0.115686649191807 0.993277628433744 0.0342600750640781
0.810499948463849 0.58161048491358 -0.0694195748956324 179.291473510166 -0.585726675278112 0.805530749962376 -0.089690984679086 -52.471919289425 0.00375438513616811 0.11335543526291 0.993547406965871 0.0356979538144777
0.811734736294911 0.580005145294973 -0.0684160019556211 179.424166586879 -0.58400876598027 0.807029270723418 -0.0873928913232314 -52.5033927187734 0.00452538953437791 0.110895390467719 0.993821781418869 0.0367395070324223
0.815039265774864 0.575445863458067 -0.0676243556285124 179.551182624348 -0.579375653952357 0.810616090900616 -0.0850023810271569 -52.5325658390694 0.0059031222630936 0.108460183486865 0.994083267008123 0.0376546961216817
0.82145498400439 0.566467233010222 -0.0657767677838645 179.696153043683 -0.570231324140166 0.817312761167531 -0.0826806349882651 -52.5632164231894 0.00692432117277483 0.105426393082811 0.99440300151289 0.0439073283751237
0.833689652368576 0.548405960634606 -0.064903512031324 179.832740551804 -0.552149239298865 0.829835753139128 -0.0806463908287571 -52.5985697526665 0.00963229335372949 0.103070486330727 0.994627414548933 0.0563599793536422
0.851861607728976 0.519742521981637 -0.0648036428109875 179.97484047645 -0.52357048544606 0.848387570042098 -0.0781823366742408 -52.6191379812872 0.014343920216802 0.100529805740549 0.994830643934224 0.06942524293343
0.871278886545795 0.486359133411466 -0.0657867403567736 180.137527229747 -0.490397593872432 0.868075917330063 -0.0771647696536586 -52.651610435182 0.0195780944847118 0.0994936937640746 0.994845567471419 0.0841182532856381
0.888496832748232 0.453792384136446 -0.06816047458844 180.296515544205 -0.458143884312935 0.885651681200685 -0.0756655856586014 -52.6696048766421 0.0260299723975909 0.0984559377902685 0.994800919204853 0.0956084037447214
0.9005585052484 0.429194021333443 -0.0691872146888298 180.464499263218 -0.433632886911874 0.898151287074752 -0.0727102806654165 -52.6836842613896 0.0309337681708159 0.095481713315148 0.9949504230911 0.100684266178432
0.907456217000725 0.414734885017378 -0.0672174782058734 180.668664812128 -0.418838802336811 0.905592728095106 -0.0669019317982135 -52.68764504634 0.0331250944723573 0.088863862007496 0.995492813708522 0.102084732907857
0.915539605416317 0.39688649216289 -0.0653325589026819 180.885138344409 -0.400668776247947 0.914167409923312 -0.0613390444503173 -52.6959989450114 0.0353802579712165 0.082335040977342 0.99597649488989 0.106200876814641
0.926576474363489 0.370603495109044 -0.064102157288895 181.110977381113 -0.374105371264132 0.925719675587363 -0.0555720561231741 -52.6844094329407 0.0387454300202813 0.0754727211871346 0.996394831384202 0.109314149107136
0.936050502050164 0.346457621060345 -0.0614538397567084 181.377485087368 -0.349538086104222 0.935622373487843 -0.0493345780520685 -52.6730950005025 0.0404052468651771 0.0676601140863873 0.996889926214315 0.111750652488266
0.948392946868433 0.311285300324338 -0.0604340974301572 181.635328665203 -0.314122128271812 0.948320686934835 -0.0448905698497237 -52.6392294260747 0.0433371302718511 0.0615575871313298 0.997162251896034 0.114296126050467
0.960158907890056 0.273060113366245 -0.059439432095116 181.906495521875 -0.27567657797376 0.96036128515241 -0.0413355335890499 -52.5989414695712 0.0457962439077144 0.0560747400246003 0.99737572036576 0.114037908988131
0.969679756933706 0.237310429963426 -0.0583517679557772 182.212693881735 -0.239598862065711 0.970208857769232 -0.0358769787320676 -52.5354192509074 0.0480994208884939 0.0487701972181539 0.997651198352157 0.112157721450669
0.977323746793547 0.203399773662344 -0.05887975906483 182.508837161226 -0.205372187433514 0.978236652248419 -0.0295857537774809 -52.466458710645 0.051580602770803 0.0410071246482215 0.997826566666716 0.110987985461705
0.983472807382361 0.171056482298199 -0.059337315436636 182.810826022208 -0.172636624618847 0.984726858228584 -0.0225745547791364 -52.3852194075622 0.0545695242756696 0.032445254614969 0.997982701490009 0.108506999122303
0.988426647242708 0.139624364316541 -0.0593110437418272 183.143980706288 -0.140701968993961 0.989947589425862 -0.0143779731238698 -52.2760636947134 0.0567073094209727 0.0225567524065347 0.99813599974107 0.0995194477891833
0.993613821321757 0.0958212635278172 -0.0595806976655232 183.462842451431 -0.0964982281489353 0.995296140487395 -0.00858397897335358 -52.1612355149885 0.0584779107227183 0.0142785919064602 0.998186583645901 0.0902938261285804
0.996948970714498 0.050505352170814 -0.059514361236652 183.793056540937 -0.0507476272668169 0.998708213885952 -0.0025655103824866 -52.0310962330589 0.0593079094058543 0.005577895556238 0.998224152664656 0.0819320768727703
0.99818847710077 0.00951877902719694 -0.0594067086201552 184.160897472267 -0.00923462463046063 0.999944578153279 0.00505592027207211 -51.8721803856856 0.0594515423785045 -0.00449816270208394 0.998221058003248 0.0718932623942194
0.997515743021224 -0.0349513217527332 -0.0611616508324748 184.50843650147 0.0356864846541189 0.999302836135181 0.0109688880574648 -51.6933621317748 0.0607356340038352 -0.0131242828346119 0.99806760089797 0.0652015354555822
0.994980024236468 -0.0779555205402473 -0.0627510014876165 184.857081639538 0.0790366378177646 0.996759887266979 0.0149310755803555 -51.4957419231527 0.061383721399594 -0.019815750120097 0.99791751903367 0.0622414382032615
0.99122459337836 -0.116702295174105 -0.0620836514954041 185.244479667172 0.118055129369058 0.992833291064085 0.0185753219222671 -51.2642954785986 0.059470933333531 -0.0257416094282644 0.997898079781939 0.0618831130316339
0.985690046847106 -0.15719275051108 -0.0608733992258885 185.612210069643 0.158643866691128 0.987138165464841 0.0197576781024256 -51.0289029492862 0.0569846918728194 -0.0291321380861971 0.997949930318494 0.0659807364712272
0.978790896985115 -0.195836535000448 -0.0601367735923328 185.982320054751 0.197411381277071 0.980086870912862 0.0214119594273291 -50.7752851812 0.054746018315086 -0.0328295145144927 0.997960468383085 0.0701692680134789
0.971155302677803 -0.230865192918843 -0.0596543441782132 186.386224501491 0.232663530637746 0.972233217378326 0.0251048309568119 -50.4728826142413 0.0522021033289387 -0.0382600800409195 0.997903355382322 0.0717849305807941
0.961727508629395 -0.267458559599528 -0.0595492908643393 186.767683463237 0.269279111946457 0.962741585825219 0.0248475107822243 -50.1644452094413 0.0506848992780536 -0.0399319148012206 0.997916070201038 0.0854126395920923
0.950334097714335 -0.305829028732127 -0.0577382707244395 187.151689469476 0.307634653912093 0.951168088765519 0.0253019095433629 -49.8419654250876 0.0471807421928762 -0.0418075603081366 0.998011074821924 0.11068293407575
0.940048634583212 -0.336155193267589 -0.0575173943905007 187.562160527948 0.338065946122555 0.940727506831716 0.0272612171857683 -49.465810355299 0.0449441952926404 -0.0450715423456861 0.997972231768038 0.130039326270627
0.925287252161227 -0.374781199253338 -0.0581597255337316 187.936694071989 0.376690985720916 0.925975466429871 0.0259487349709134 -49.0807269430664 0.0441293809670243 -0.0459182780188552 0.99796999427801 0.151520158133768
0.908149576154088 -0.414028644980676 -0.0620050680720517 188.296567021536 0.416196598463581 0.908876744419483 0.0268971165887724 -48.670888470964 0.0452187876716979 -0.0502329034489509 0.9977133439283 0.165359025654101
0.894570755981571 -0.441878140814751 -0.0669841116434607 188.680161878869 0.444420240881727 0.895356420064162 0.0287668306304053 -48.1960462059441 0.0472632207661706 -0.0555030604560702 0.997339259351009 0.17035345395815
0.878335637509907 -0.472712613391027 -0.0711989678372808 189.031136813668 0.475361500350937 0.879421949877225 0.025465232342343 -47.7195406583804 0.0505761985935484 -0.056212269258317 0.997137016121986 0.180115528228144
0.86630420317319 -0.493320181185208 -0.0784361294293705 189.39528656265 0.496409206155361 0.867722972718687 0.0251940997150635 -47.1739629095038 0.0556320735607676 -0.0607621712222563 0.996600737978699 0.174759841281116
0.852394042531249 -0.515937229093408 -0.0850480563720033 189.723549897644 0.519459007946548 0.854137761348232 0.0247188936285934 -46.6335880531727 0.0598893589916098 -0.065249216657759 0.99607018046176 0.178982439103538
0.836691525520004 -0.540171991993489 -0.0903410769738638 190.040361539462 0.544126387104345 0.838629674729952 0.0250348460971774 -46.0806983335659 0.062239585311782 -0.0701034073931093 0.995596176314521 0.188520669719282
0.821906628601999 -0.561830958878705 -0.0938907210832553 190.377340221903 0.566194877111246 0.823841315064134 0.026624213159858 -45.455522482728 0.0623927479205547 -0.0750430625630192 0.995226448487019 0.193637939140895
0.806759304989015 -0.582992152494085 -0.0962266800007104 190.687649617103 0.587551403009737 0.808767093387511 0.0260602662075555 -44.8534768270497 0.0626320415995929 -0.077562483094822 0.995018235300858 0.208041796268122
0.792904362400604 -0.601361704177696 -0.0983197479380073 190.989305815239 0.606063306088331 0.795025181125964 0.02494454627596 -44.2422696312735 0.0631659805542225 -0.0793666310493918 0.994842196921951 0.228590327916354
0.780179597642181 -0.617354822721126 -0.100959488339907 191.302927770491 0.622505348069198 0.782115884841228 0.0279613001176914 -43.565205810457 0.0616999760788747 -0.0846626573052942 0.994497535145197 0.23995988133901
0.770153692843713 -0.629100221719261 -0.105338504033296 191.583423976483 0.634711119041964 0.772216171231077 0.0287050562395571 -42.9156965305755 0.0632857390230317 -0.0889668248393603 0.994022041664224 0.256955575455969
0.762100377943781 -0.638011697310179 -0.110200217936873 191.851380171634 0.644026561865696 0.764501694755352 0.0276937958331424 -42.2585095817593 0.0665792876906837 -0.0920773197458699 0.993523510360484 0.26971721845917
0.752688254038944 -0.648600200377159 -0.113040578123608 192.137131585626 0.654946903520648 0.755151222079666 0.0281280173546691 -41.5296062357844 0.0671188930221838 -0.0952072048865032 0.993192147742407 0.276193385412116
0.74670247672814 -0.654815932794679 -0.116839656822073 192.396302819017 0.661303308689564 0.749716107917805 0.0245701331867983 -40.835316079091 0.0715076580814937 -0.0956130309467119 0.992846817564967 0.287785820084301
0.738788428797194 -0.66341788978426 -0.118610121783839 192.669340310554 0.670038316475903 0.741953356910348 0.0235344560932776 -40.0729793397487 0.0723899988224417 -0.0968603101567936 0.992661960783638 0.293170479824374
0.734121911552128 -0.668208701705021 -0.120673733449926 192.916065589525 0.674825217444941 0.737693508960564 0.0204746852928661 -39.3454421563246 0.0753388669906825 -0.0964645935208656 0.992481051364415 0.301913771940482
0.730164583202512 -0.672393813461505 -0.121434101698824 193.159399304741 0.678807513952065 0.734128199792981 0.0166176192921238 -38.6154204096694 0.0779746140671526 -0.0945639777474318 0.992460383931602 0.309131526590854
0.722760089871851 -0.680565200012983 -0.120203415174972 193.426628752673 0.686855140453008 0.726618798018462 0.0159730522908773 -37.8190798712418 0.0764713575249936 -0.0941070183222183 0.992620773800743 0.313509698092428
0.722212860208548 -0.681313086625998 -0.119252096591829 193.673750954516 0.687265505333912 0.726294790851337 0.0127279990704578 -37.0726904200439 0.0779404242194791 -0.091150177039718 0.992782421025935 0.320655750825699
0.725927734629055 -0.677616631072325 -0.117748143894183 193.918545665376 0.683055002801126 0.730320347326742 0.00824945021826915 -36.3300419006685 0.0804039006807762 -0.0864169634663512 0.993009225123599 0.328024447711089
0.727286922647183 -0.676465426985582 -0.11596662554204 194.182717006446 0.681648729949877 0.73164529064561 0.00708361728381162 -35.5165232813422 0.0800546132594002 -0.0842003252328576 0.99322785106267 0.330101892906194
0.732244660921055 -0.670772652008107 -0.117821075664013 194.425824001238 0.675619611191137 0.737248578757894 0.00163526554603409 -34.7490262831291 0.0857665291739686 -0.0807996437955127 0.993033493914465 0.333151655316539
0.729719657941094 -0.673056921666125 -0.120430897246749 194.665109284136 0.677546667915274 0.735463485800477 -0.00489630994973816 -33.9736055485427 0.0918680227894672 -0.0780246195218847 0.99270963787868 0.334407283950616
0.719632955907474 -0.683765226197004 -0.120803659777492 194.924976445097 0.688010640797777 0.725647789397639 -0.00875464969918867 -33.1177608821857 0.0936470337005225 -0.0768140689332665 0.992637815062981 0.336404264985403
0.701729679238742 -0.702289531984409 -0.119853537872755 195.169348988564 0.705929439601241 0.708100937042243 -0.0160215250265868 -32.3114993430787 0.0961201517881241 -0.0733653612069176 0.992662299170874 0.347754808147845
0.695984897625099 -0.708059888500273 -0.119399399390303 195.426079505084 0.711745634193093 0.702261050640928 -0.0157343242554116 -31.4322032566583 0.0949903915396441 -0.0740311491852226 0.992721619823735 0.361414309697842
0.688527907383616 -0.715481182903813 -0.118389178831948 195.675361541307 0.719033728424506 0.694766239088531 -0.0170402585289866 -30.6105682241084 0.0944447888551578 -0.0733931191144113 0.992821047281313 0.382514290156454
0.693490885378442 -0.711321169216771 -0.114422839158602 195.924678599879 0.714513388430404 0.699404915757787 -0.0174178519785827 -29.7970110654032 0.0924175830171389 -0.0696775289310214 0.993279433146251 0.404275894322274
0.710791974941777 -0.694848998624606 -0.109360127417423 196.201720042155 0.697821522181296 0.716123748554195 -0.0145567832047561 -28.9168393276964 0.0884301506215495 -0.065967005897458 0.993895599443913 0.426498594092791
0.726112759275137 -0.679258979028578 -0.106618479762684 196.457893603922 0.68183652917738 0.731335636872316 -0.0157204872669699 -28.0872480185323 0.088652175930394 -0.0612815278009872 0.994175721919009 0.443055216700023
0.737276435551575 -0.667376570448102 -0.105033189027559 196.716036302676 0.669453203735883 0.742604121025945 -0.0192750471607228 -27.2650464829348 0.0908617938857112 -0.0561037668273494 0.994281902560663 0.454755592606426
0.734463804164771 -0.671213434974902 -0.100177068638536 197.005067581615 0.672905086710514 0.739433621222164 -0.0208965089284319 -26.3682954527342 0.0881003101636503 -0.0520619296172794 0.994750165033208 0.457685411796925
0.728550191823513 -0.678354945830159 -0.0951272067375471 197.277598628666 0.679417116704492 0.733300621962499 -0.0257406168995615 -25.5228299598621 0.0872181146487354 -0.0458777211419447 0.995132270193235 0.463498950206923
0.718754988080959 -0.689392837303551 -0.0901597636604311 197.550723468071 0.690009213887898 0.72321254247903 -0.0291702442709318 -24.6827324983307 0.0853144293689441 -0.0412448090743799 0.995500032077282 0.469055157860518
0.710088403575108 -0.699142099250893 -0.0835151732514084 197.851111581652 0.699586093579588 0.713970695872554 -0.0287253042684808 -23.7673453075455 0.0797104558901112 -0.03802854835936 0.996092401703512 0.474166598213929
0.703088993822825 -0.706715159957274 -0.078864120180067 198.136780398393 0.706818222707437 0.706697285514073 -0.0314157077867875 -22.9055344094239 0.0779350166094194 -0.0336545588830158 0.99639023673081 0.481133592019065
0.69799349087055 -0.712323505853582 -0.0734867995684165 198.449718023226 0.712223455325313 0.701214954792213 -0.0321766508547791 -21.9815429565296 0.0744502275806944 -0.0298799294547658 0.996776982794527 0.483372616249443
0.698868133843887 -0.711756320966396 -0.0706135331359861 198.743786766628 0.711337729881949 0.7019619684154 -0.0353274531317382 -21.1172400114018 0.0747125527870616 -0.0255408391162605 0.996877976481213 0.485361327579169
0.701471893129672 -0.709523250999813 -0.0671858574384198 199.037887173048 0.708820342901978 0.704368564446814 -0.0379294991722757 -20.2547269446948 0.0742354675165358 -0.0210162249178272 0.997019264434145 0.487654305414394
0.704136396495451 -0.707256091333571 -0.0630932357861343 199.333170618512 0.70640783631906 0.706745497004046 -0.0387139671376118 -19.3808643154897 0.0719715493610286 -0.0173096428637298 0.997256472702234 0.491909223244482
0.712400859540162 -0.699370731967085 -0.0580137448736719 199.658342088222 0.698680051225053 0.714586145727365 -0.0348256565576284 -18.424281263588 0.0658118632664308 -0.0157232185743889 0.997708163267727 0.496204772177433
0.716290255013038 -0.695646428547293 -0.0548116504290628 199.96684513126 0.69488464908752 0.718266923254963 -0.0350421377824943 -17.5285580925765 0.0637463335092639 -0.0129874326658818 0.997881622015795 0.500881025321037
0.721017436931159 -0.69105503688313 -0.0507621083061282 200.301070590756 0.690382708914009 0.722709898729156 -0.0325901443913969 -16.5604979253896 0.0592078615876237 -0.0115472194642694 0.998178887198514 0.501690882653999
0.722114047571766 -0.690124490659015 -0.0477440016354073 200.617397259447 0.68937943168629 0.723636070336213 -0.0332691580334719 -15.6570357984794 0.057509142468076 -0.00888960634699097 0.998305400882707 0.505069057898422
0.725016367444485 -0.68732065976881 -0.0440633361489587 200.931804514871 0.686548301324769 0.726327582792231 -0.0331613091308837 -14.7568028268136 0.0547968693054712 -0.00620911669799267 0.998478217080448 0.50957210632929
0.736678896836299 -0.675063406186255 -0.0399199271576253 201.278161334319 0.674596069494935 0.737720570294411 -0.0262393442463496 -13.7767216914194 0.0471629725318693 -0.00759985478194917 0.998858296371037 0.514946114205986
0.746944519231235 -0.663916914875654 -0.0358917167661149 201.601634896296 0.66347650227294 0.747787413561128 -0.0247571212225526 -12.8558483806633 0.0432760455920815 -0.00532111469142384 0.99904898259112 0.518058588550629
0.749781203458237 -0.660962145426802 -0.0309384752940946 201.926478891289 0.660445135423357 0.750418789976978 -0.0261507694937518 -11.9415809067048 0.0405014819030792 -0.000825810083016101 0.999179137092724 0.518346231248589
0.719501270297097 -0.694073854247897 -0.0240708722388377 202.284809888087 0.693700861173578 0.719903728425162 -0.0227538349864478 -10.9476959191074 0.0331215526191496 -0.00032657162440099 0.999451277503346 0.516011187399615
0.728371086545989 -0.684948260628289 -0.0179287630945925 202.623910923645 0.68455119434762 0.728573750141119 -0.0238736868237059 -10.0273389374231 0.029414666427901 0.00511574702206262 0.999554203898588 0.511178287906144
0.732755333809438 -0.680350260453169 -0.0138976212040081 202.964291209887 0.679881762967024 0.732810180574165 -0.0273866323544018 -9.10821303505998 0.0288168207593132 0.0106189617275373 0.999528302997546 0.503281111186726
0.69908339176678 -0.714997058080106 -0.00784973201160383 203.335535628172 0.714603139283127 0.69899778867529 -0.0272845149078835 -8.10404467267776 0.0249952932080844 0.0134647080864912 0.999596887226839 0.492286899680115
0.684128340903622 -0.729307986818075 -0.00884723323028941 203.684294639903 0.728793066379141 0.68402360022301 -0.0311830199891369 -7.17406121292101 0.0287937418573807 0.0148853854946588 0.999474534807428 0.483875434972301
0.675672597338683 -0.737134102175631 -0.00999282819476319 204.028655708479 0.736517778194153 0.675567422978195 -0.0339148848524127 -6.25279486984408 0.0317506473878734 0.0155554627167894 0.99937476652661 0.480121239896369
0.679044344552561 -0.734090188942402 -0.00322065671837108 204.407590971229 0.733687200227391 0.678805129524892 -0.0304415563529398 -5.25326031109176 0.0245330461556997 0.0183082120702468 0.999531359696689 0.484403990145376
0.679752322285078 -0.733424835126052 0.00497911321150583 204.76613482753 0.733273878729026 0.679435859522504 -0.0260063755377136 -4.32101914342399 0.0156907336264548 0.0213289478232106 0.999649376963252 0.49566302304637
0.670171936227758 -0.742016137223313 0.0167817756193248 205.154045511635 0.742200966071901 0.669913843547655 -0.0187927694911618 -3.31074149947394 0.00270219441886407 0.0250498367940387 0.999682551524189 0.511872685053061
0.672721963478779 -0.73949147471954 0.0244441950242098 205.520903348809 0.739893249934404 0.672431913063572 -0.0198318177476031 -2.377567447691 -0.0017715966708839 0.0314273942730138 0.999504467390938 0.514103990966227
0.67671592400293 -0.735684519673876 0.0287027126433151 205.882076935565 0.736243492338445 0.676255783788861 -0.0249726827034091 -1.45964468918556 -0.00103835935584558 0.0380315974465707 0.999275997613026 0.507378179011169
0.674591226397388 -0.737539312254963 0.031023219467842 206.273539256932 0.738186332645518 0.674147636255202 -0.0246150934771104 -0.465257103237139 -0.00275963095907214 0.0395060427024336 0.999215520809681 0.497618208512136
0.675096328691614 -0.737112759400967 0.0301616795852275 206.640461488732 0.737727779795155 0.674620767399382 -0.025387853630862 0.461167707185904 -0.00163398458272758 0.0393903556948578 0.999222562781994 0.492543404576706
0.674036615241206 -0.738054535634249 0.0308244017605599 207.008876460032 0.738696632070732 0.67336992770011 -0.0300037703715432 1.37897359940429 0.00138819362393887 0.0429935215918301 0.999074386629742 0.490835969631216
0.676063437831842 -0.736172907387302 0.0314273520348879 207.410412116223 0.736842946389742 0.675399354268193 -0.02996972822356 2.37516735835815 0.000836888689223271 0.0434184601643203 0.999056623487518 0.487468666012977
0.677341305571567 -0.735029514467232 0.0306654305151157 207.787997703735 0.73565746211374 0.676509444884991 -0.0338093096317444 3.3085455348649 0.00410538706815352 0.0454596947138143 0.998957737821549 0.48919814080636
0.678306406566471 -0.734134751430724 0.0307666305050877 208.163732747607 0.734761881289713 0.67740840235161 -0.0352538540736171 4.2330895929263 0.00503950538111641 0.0465190623851576 0.998904690258444 0.496062236820222
0.68218606313315 -0.730357543005453 0.0346415161610745 208.573298019697 0.731176355666715 0.681535816200813 -0.0298340099456342 5.23804217116657 -0.00181993978937766 0.0456814033337116 0.998954401966689 0.508155842044413
0.683085049653504 -0.729400958011606 0.0370007755544107 208.957584407136 0.730321134847986 0.682544042404851 -0.027652670250781 6.17556464585327 -0.00508477474652312 0.0459115740244595 0.99893256651106 0.520428178876616
0.673862319290348 -0.737660202405895 0.0420357041945658 209.379080317268 0.738775904864038 0.673539652661475 -0.0235477957563694 7.19453882675047 -0.0109424418187319 0.0469229376655 0.998838575991077 0.541117819132162
0.675753670255192 -0.735771629202916 0.0446887770780246 209.775760450927 0.737028531532079 0.675413606033058 -0.0246049688699291 8.12680132407086 -0.012079770043561 0.0495638017661502 0.998697906631519 0.54815314928437
0.677548837637956 -0.733918543695349 0.0478658942834887 210.17280979652 0.73535678487523 0.677181664179087 -0.0259883173293178 9.05540521006356 -0.0133405979408873 0.0528068643241295 0.998515630086395 0.55717785810902
0.671386558674098 -0.739254575862805 0.0523713747925568 210.606271689087 0.740860144608429 0.671309750399781 -0.0216671444579989 10.0702601708971 -0.0191398788536282 0.0533468938561063 0.998392595101432 0.560405281163786
0.67224914268351 -0.738336165809076 0.0542291104448893 211.013535756826 0.740027325491591 0.672250617937024 -0.02094431209314 11.0216092023331 -0.0209916099203939 0.0542108194150288 0.998308839674026 0.561348256341424
0.67351649814262 -0.737161022842423 0.0544899360581525 211.419684464713 0.738862969097512 0.673535053425048 -0.0207856850772206 11.9641503836308 -0.0213784851220504 0.0542600977665651 0.998297952599447 0.556633398197366
0.676005478199843 -0.734744376292995 0.0562787255508305 211.862985452209 0.736444856338313 0.676291687304822 -0.0166891358446095 12.9857399551601 -0.025798585555119 0.0527281252105622 0.998275602123548 0.548143602213722
0.678980532591448 -0.732042147000005 0.0556752312744454 212.278219723143 0.73368518920955 0.679307146392478 -0.0157430617942691 13.9422340738873 -0.0262959977255539 0.0515373250735699 0.9983248091818 0.538553003082846
0.68160120812526 -0.72967220752552 0.0547563936634489 212.688772692355 0.731274709099618 0.681894423236971 -0.016040429844343 14.8845335431837 -0.0256338236214935 0.0509751422083355 0.998370893988492 0.53538360658249
0.693022126626388 -0.718742077206046 0.055947819079769 213.137481505899 0.720302126491338 0.693546167569951 -0.0125920618284602 15.905424863379 -0.0297519508317759 0.0490259105226808 0.998354286573221 0.535484280540031
0.696502770176492 -0.715386847849361 0.0557274533837117 213.559321237692 0.716952627004766 0.696996248800086 -0.01323479465559 16.8541886342612 -0.0293738279330322 0.0491720152400733 0.998358297982137 0.538701302373994
0.700051272902463 -0.711867508065195 0.0563282013621684 213.979423214123 0.713510421349082 0.700485520915302 -0.014930291834945 17.7894234389419 -0.0288286998301717 0.0506427284916153 0.998300666190815 0.548625560858358
0.694389305213985 -0.71720155588178 0.0586977090285509 214.431985858496 0.718869709913644 0.695046242506861 -0.0117073030955386 18.8016167359073 -0.032401126108755 0.0503254311243905 0.998207151852273 0.56321630096808
0.697848392993695 -0.713737899037322 0.0598818158869018 214.855147692389 0.715516514086833 0.698468511261033 -0.0133362980555242 19.7427755611668 -0.0323069414390457 0.052153142327118 0.99811638163105 0.576532217044218
0.701531150731349 -0.710045317422991 0.0607428329866121 215.274407716675 0.711927629407326 0.702087559546054 -0.0152351310179764 20.6711830376921 -0.0318291539318436 0.0539324200862278 0.998037173167224 0.587774171848838
0.690015514638369 -0.721043070176497 0.0630514116321324 215.732464969366 0.722917415686476 0.690846782388425 -0.0110060601829254 21.6730275778012 -0.0356230214262625 0.0531753158337476 0.99794959097664 0.596516347673901
0.690724891802118 -0.720360926301659 0.063081373659536 216.162257107606 0.722253359841578 0.691533084924581 -0.0114924606697657 22.602138034707 -0.0353441373145009 0.053498862721686 0.997942214582076 0.600829389106544
0.690599164700228 -0.720403413042214 0.0639665239987507 216.622261241822 0.722245842622627 0.69157984169047 -0.00884677238993624 23.5970292772658 -0.0378647135164274 0.0523091296479013 0.997912831075839 0.599893583640699
0.689030341514311 -0.722035872883073 0.0624610818242573 217.050655413139 0.723857443908329 0.689871641217993 -0.0103691630181101 24.5205631678259 -0.0356032213595032 0.052357586968642 0.997993533904727 0.590471968984753
0.683124983895322 -0.727929446370496 0.0588130723969119 217.474293844489 0.72958114238473 0.683810558043748 -0.0106994104740697 25.428053375969 -0.0324285839131189 0.0502179431542832 0.998211673509553 0.580707640032985
0.696987149297358 -0.714650561397624 0.0590210878280719 217.934359745548 0.716204484245509 0.697845065740571 -0.00796247249071984 26.411448866028 -0.0354971894798543 0.0478209087701787 0.998224979763292 0.573750539887819
0.692300987517856 -0.71938414546906 0.0566197309209196 218.363149588764 0.720859209825267 0.693025221604437 -0.00883412871849003 27.3190809998671 -0.0328837694295388 0.046930730527844 0.99835673195518 0.567755921498032
0.687323101681913 -0.724272289480267 0.0549236250203177 218.786295479642 0.725700652782014 0.687942014892702 -0.00971322279844407 28.2161812884296 -0.0307492511472271 0.0465342329515533 0.998443312721105 0.562175897162343
0.685362856251884 -0.725983375623329 0.0567969505239622 219.24661839926 0.727371061867533 0.686219949079469 -0.0057896323779022 29.1862777076383 -0.0347720236390943 0.0452804571966197 0.998368963143439 0.561786803871254
0.691238911608065 -0.720250743105423 0.0585460001621704 219.677310214573 0.721767505362452 0.692096472165252 -0.00735808529967258 30.0830849775219 -0.0352198137667017 0.0473427953600646 0.99825759423394 0.560233608081495
0.700143971082792 -0.711545785544065 0.0591693740959362 220.103286531952 0.713194758175518 0.700885938919334 -0.0105895012219978 30.9644458983158 -0.0339360673529729 0.0496134628871037 0.998191789002977 0.554586873934503
0.688101261173559 -0.723068973761859 0.0607281940644996 220.565388745726 0.724729906650664 0.688982784357305 -0.00832377711015384 31.9146747153522 -0.0358220152626877 0.0497391399426528 0.99811963269955 0.548816768810337
0.696973139989156 -0.714570117266403 0.0601497268783612 220.994617066658 0.716269344919873 0.697744539596127 -0.01052534996319 32.796581894826 -0.0344480429301078 0.0504192916816025 0.998133872466319 0.539360341083485
0.702932627992754 -0.708793135069366 0.0591439953143627 221.418332357822 0.710498746187788 0.703589143990679 -0.0124035528799999 33.6643258166247 -0.0328215199036069 0.0507405965377767 0.998172399785832 0.531069031618919
0.707183769997968 -0.704555253671522 0.0591016918144034 221.877190743976 0.70613945248367 0.708014992980704 -0.00904673203980104 34.60122476692 -0.0354709613279217 0.0481317383687494 0.998210973023275 0.523829223435483
0.699787726773715 -0.712074311649192 0.0569851923416356 222.30475907412 0.713559471009967 0.700538714929754 -0.00885382496707465 35.4686511467053 -0.0336157520941416 0.0468581217496604 0.99833576397785 0.518041927806548
0.689635774719762 -0.722104752722999 0.0544722344092565 222.727610044711 0.723497498528127 0.690264356441417 -0.00929988441125059 36.3224711904259 -0.0308847510952923 0.0458240583250921 0.99847197648627 0.513284123920172
0.694485863608104 -0.717324299738498 0.0559931625574621 223.186764462409 0.718696483750092 0.695291686096517 -0.00669593087773005 37.2462786452874 -0.0341284264764885 0.0448923183823759 0.998408699008824 0.509498181207757
0.691955682314169 -0.719808830498593 0.055430869101864 223.615268904773 0.721172182705211 0.6927194689842 -0.00710071703799187 38.0994900762397 -0.033286883382757 0.0448885823623817 0.99843727823442 0.501633304962346
0.685050242401702 -0.726196738245503 0.0578313301504352 224.077134479187 0.72760010381628 0.685984036673459 -0.00489799507227298 39.0106715235355 -0.0361144612573633 0.0454334545328333 0.998314352745317 0.49359524871127
0.698012189754959 -0.713694711706856 0.0584708597094402 224.508233830753 0.715222365743784 0.698851228483749 -0.00799549789715899 39.8517082292116 -0.035156087571777 0.047400621603836 0.998257096432684 0.482835866426747
0.717166317596759 -0.694452869295524 0.0583753820709046 224.933471555613 0.696128425888479 0.717798369184181 -0.0130658282003726 40.6799688116132 -0.0328281521675271 0.0500071347284706 0.998209195961204 0.471121548338492
0.712889913006883 -0.698820279420129 0.0586360725510866 225.39644112652 0.70050060702099 0.713538885846626 -0.0126948000371388 41.574818144726 -0.0329677341693878 0.0501245993094788 0.998198704190603 0.458106257072197
0.719691624293756 -0.69200664125976 0.0563096294944907 225.825412367923 0.69363992625255 0.720164343165189 -0.0150655747255792 42.4057073755875 -0.0301267095742786 0.0499011751950382 0.99829968150069 0.444255583535215
0.733565820938576 -0.677302797097159 0.0560545037894699 226.252193710054 0.67901491063976 0.733892333487625 -0.0184606060835037 43.2207333895762 -0.0286345504520786 0.0516039135382322 0.998257030342358 0.432659538705562
0.735843768973448 -0.674707550250385 0.0574775547329788 226.720823385764 0.676450550417229 0.736290084779072 -0.0170752422020102 44.0964362816639 -0.0307993588111879 0.0514454341138218 0.998200764779139 0.422966997549952
0.738688433031238 -0.671709995079673 0.0560810254535902 227.156349162823 0.673449328643981 0.738977536212636 -0.0194474348456765 44.9079313993218 -0.02837958165347 0.0521333241140164 0.998236803500049 0.413074069276269
0.734644810420695 -0.676353947720968 0.0533135998053919 227.588652962438 0.678044512498811 0.734656131643981 -0.0231518316371425 45.7035232862905 -0.0235083302722916 0.0531573667535642 0.998309397315098 0.404043448655774
0.743695954495913 -0.666318686965557 0.0541824202755505 228.059372572398 0.668010049228591 0.743844984630538 -0.0213825388953783 46.5612871982909 -0.0260557363363534 0.0520965089089392 0.998302084723592 0.399664919997745
0.743836511552363 -0.66610903058784 0.0548270321187186 228.499453097865 0.667850930857459 0.74396927652811 -0.0220193036917263 47.3518297883221 -0.0261223703832311 0.0529950464815039 0.998253047485447 0.397431884162495
0.747671057138045 -0.66172262128095 0.0557777984789075 228.937613180756 0.663529303544182 0.747809684127308 -0.0225729852609515 48.1287633122912 -0.026774122884815 0.0538873715307545 0.998188007107506 0.396336738740917
0.74299025929566 -0.666818854695789 0.0576028611613194 229.411456616064 0.668653707532122 0.7433039847228 -0.0200351116482569 48.9656980989903 -0.0294566460296495 0.0534022594785304 0.998138519789348 0.39509690142387
0.742749246466452 -0.667127815305582 0.0571317330310155 229.853445174933 0.668993833760109 0.742942055732398 -0.0220080034322202 49.7440255528135 -0.027763415936642 0.0545672050752909 0.998124046832756 0.387380519877695
0.739737138255211 -0.670396333170724 0.0579458605704106 230.330226735574 0.672314770795378 0.739930993671386 -0.0222480015919632 50.5684978894596 -0.0279609595033786 0.055415530997473 0.998071792842537 0.380698748464601
0.742639482637706 -0.667410561370042 0.0552244637758671 230.774105962547 0.669258851848571 0.742595531074778 -0.0253863437718435 51.3293429476875 -0.0240663260580606 0.0558123624253749 0.998151187020565 0.373253641154428
0.743076438234418 -0.667162880228556 0.0522599099309894 231.21043468917 0.668912313320774 0.742796957917216 -0.0284428619653878 52.0732903280783 -0.019842480406995 0.0560925178083072 0.998228383395914 0.36684184028197
0.752679158968604 -0.656299593205833 0.0523920567660828 231.678473136 0.658025185776569 0.752518941091909 -0.0267973540041744 52.8738270943253 -0.0218389225473072 0.0546451027611643 0.998266985433352 0.362339371763639
0.748107409198557 -0.661652948089901 0.050504263049492 232.112418287882 0.663253814775667 0.747950975349884 -0.0257626795711271 53.6045550075337 -0.0207287599182626 0.0527703965979781 0.998391508254723 0.356061050548264
0.742815956186107 -0.66766993929988 0.0494095880434286 232.537268146383 0.669196405444018 0.742665546541069 -0.024981131312715 54.3198382147071 -0.0200156482814389 0.0516211016557975 0.998466141482881 0.351888195629965
0.744823949040069 -0.665321524685657 0.0508385063344364 232.994072783563 0.666882256663701 0.744804224287462 -0.0231240833479441 55.0820648494597 -0.0224797838843405 0.0511266689068685 0.998439143384813 0.352629913627355
0.74532036605433 -0.66473704692128 0.0512075228362168 233.414016602274 0.666350229734335 0.745232185036671 -0.0246244130583993 55.7798779504437 -0.0217927345149386 0.0524752211605987 0.998384408875913 0.347633873568408
0.750749445356268 -0.658536529424976 0.0520087464775992 233.823584359601 0.66027990213031 0.750471689389805 -0.0286826474929074 56.4591376423192 -0.0201425206973905 0.0558738117307991 0.998234639762929 0.340119871345469
0.745552583204116 -0.66428910878032 0.0535847518751804 234.261921117085 0.666103260838701 0.745337026003405 -0.0279135015440629 57.1801473260072 -0.0213960645381334 0.0565039611377387 0.998173086592712 0.338580107691703
0.747893304395588 -0.661562334040415 0.0546889698134194 234.660480186132 0.663512062006923 0.747511151169959 -0.0312861382705635 57.8366247481254 -0.0201828841241428 0.0596854844628856 0.998013173326314 0.330010999673773
0.748398906853275 -0.660987906100948 0.0547180428114288 235.047068710155 0.663015848872447 0.74777236095468 -0.0353055284086368 58.4718078910984 -0.0175801127633087 0.0627015484701596 0.997877475171512 0.322010827204794
0.746638500118439 -0.662935731055455 0.0552011470067824 235.454152410133 0.664988908293369 0.746027665386951 -0.0351066136801954 59.1478277013348 -0.0179081542231897 0.0629200998670007 0.997857885194602 0.317060395973076
0.748726794786106 -0.660668676891658 0.0540840655235532 235.826199437195 0.662698307009678 0.747930843560635 -0.0378207236470116 59.7695032748938 -0.0154641732992634 0.0641588078513775 0.997819876891244 0.307540770738238
0.750660853940655 -0.658564455739445 0.0529257970908468 236.188283201249 0.660563215422325 0.74966260033209 -0.0407703825619603 60.3749411059801 -0.0128265658695662 0.0655655648945677 0.997765822178755 0.299505050645098
0.749536035313922 -0.659791738766072 0.0535779172974919 236.573649130711 0.661830011431964 0.748551839440641 -0.0406347097688648 61.0197141631375 -0.0132954027337818 0.0659166528737869 0.997736551971542 0.295391602393486
0.743403678026086 -0.666774780489798 0.0525581925115025 236.926471711147 0.668757801491717 0.742264758434644 -0.0424974273330268 61.609343053254 -0.0106758812869516 0.0667414450603894 0.997713187779933 0.288810953882806
0.740513128087282 -0.669960276207584 0.0528539065183692 237.297755515495 0.671976585603018 0.739244090016863 -0.0443355813816723 62.2290478360951 -0.00936885967971898 0.0683476676925054 0.997617572414046 0.284126215069532
0.736405016567508 -0.674492598980081 0.0526059454368911 237.633891321964 0.676516578559142 0.734808924923841 -0.0487971596191987 62.7947931442788 -0.00574199519668477 0.0715232673566581 0.997422403857958 0.275631566487834
0.735633786621769 -0.675299712679851 0.0530398909787108 237.95756252759 0.677370900722476 0.733759530794303 -0.0525891036522411 63.344996109059 -0.00340511893147023 0.0746140001812143 0.997206676743602 0.266438393773066
0.731564582923109 -0.679583430436209 0.0545859147500302 238.29941799045 0.681756794490102 0.7297369105357 -0.0518817363664031 63.931754652973 -0.00457538841158466 0.0751691590905051 0.99716029972242 0.261383835207093
0.735076889696646 -0.675749048701928 0.055001721903501 238.612232435092 0.677970289749322 0.733150665385449 -0.0533515516371733 64.4706669804567 -0.00427228874530529 0.0765070259735717 0.997059889136833 0.254864913257528
0.741547708706627 -0.668451732358058 0.0572649737576943 238.912685888375 0.67088855924892 0.73933020745891 -0.0574402768767268 64.9943153944102 -0.00394167234303045 0.0810131214451378 0.996705240967887 0.248540388553967
0.735875315680921 -0.674557112896723 0.0588236450073352 239.228727354919 0.677105046466126 0.733597808112047 -0.0579914819892199 65.5511805711132 -0.00403433037929154 0.0825042870016203 0.996582543899271 0.239168620873934
0.733323138566456 -0.677326372095279 0.0588741038768019 239.51472650489 0.679876778860303 0.730842047476995 -0.0603114185388932 66.0581732868954 -0.00217715630582658 0.0842548948363833 0.996441856149433 0.225733224973292
0.725977952720068 -0.68531315545998 0.0574620841761907 239.787444916056 0.687717949847256 0.723417042419416 -0.0609245779224952 66.547896105902 0.000183363755137367 0.0837476070741077 0.99648698169474 0.214071182161028
0.724733075034512 -0.686576003111052 0.0580978648753985 240.071437460396 0.689029641243998 0.72219510314384 -0.0606002184998301 67.0645932855815 -0.000351337710855343 0.0839501336932833 0.996469894986643 0.207954765968697
0.722420642633901 -0.689016163576271 0.0580098390539444 240.327244760732 0.691452903669668 0.719734631004975 -0.0622490396626269 67.5328520739762 0.00113890438850185 0.0850810628916781 0.99637338163663 0.198798735973266
0.718114496802289 -0.693538859939732 0.0575796772819969 240.569653121129 0.695918376544433 0.71528524646592 -0.0637544459308594 67.9823645213753 0.00303029209089645 0.0858537473945875 0.996303142315705 0.189482749887902
0.717546288690737 -0.694022812312274 0.0588188709201216 240.821373405604 0.696506134258779 0.714668537567277 -0.064250185613296 68.4509695922523 0.00255509804908378 0.0870701866405515 0.996198902866459 0.185179782482639
0.715302504527805 -0.696349900695108 0.058644205324735 241.045859448768 0.698804829302931 0.712317452215419 -0.0653885143755112 68.8717148440177 0.00375999456787484 0.087753421991713 0.996135131078907 0.177263388811148
0.714282498491358 -0.69747011901916 0.0577576438607696 241.257558811906 0.699835454836234 0.711168550474331 -0.0668552837882033 69.2694923498877 0.00555414287754189 0.0881744061031575 0.996089567059735 0.170619109086908
0.713584008329937 -0.698255010113141 0.0569017039084443 241.473103793694 0.700545876595788 0.710532784695565 -0.0661712676122002 69.6828135315985 0.00577389300376691 0.0870810124233218 0.9961845007 0.165168063975349
0.714403756715822 -0.697538687897813 0.0553809649259068 241.665302332895 0.69969104687666 0.711245260039335 -0.0675471612447493 70.0475733189243 0.00772730942592874 0.0870055110747856 0.99617786049061 0.156316022047825
0.716714371086561 -0.695101076108295 0.0561694246996691 241.861974244056 0.697320964355691 0.713414883100375 -0.0691569030605654 70.4172051558546 0.00799893418178645 0.088733863682225 0.996023251981588 0.151201066783359
0.716010814625299 -0.695788428879543 0.0566301649031606 242.038220309888 0.698018316857421 0.712422646551398 -0.0722800249877899 70.7392979144652 0.00994699307067688 0.0912821719617068 0.995775387530141 0.143556350600411
0.716313888534475 -0.695358479339876 0.0580602988518077 242.204320937858 0.697690430661655 0.712420422823576 -0.0754002924863845 71.0386063402591 0.0110668900678463 0.0945183916178209 0.995461600258997 0.137130552919049
0.718947254840385 -0.69248119551876 0.0598718515697425 242.370237269406 0.694996630701461 0.71500006649035 -0.075859002316223 71.3440261926233 0.00972255476153231 0.0961493565850079 0.995319432723583 0.131022674842251
0.724125473138967 -0.686931148541324 0.0613831924468847 242.515599653918 0.689613094112611 0.720068283420055 -0.0770418564218571 71.6103311067804 0.008722360901551 0.0981186240027876 0.995136501211819 0.122595148533213
0.730763752389654 -0.679691387628449 0.0632768186393128 242.650264001009 0.682584760842763 0.726496223375216 -0.0792545373261217 71.8543622781489 0.00789825668238327 0.101108135208149 0.99484408956183 0.115321200070149
0.733262340428915 -0.676759428444494 0.0657496473009434 242.788126229012 0.679907902643693 0.728763945590438 -0.0814147132287038 72.0961750817949 0.00718220240341481 0.104402047963375 0.99450923995189 0.112493885924928
0.737522562540049 -0.671892835434067 0.0679741674221562 242.906858248381 0.675286230632202 0.732694543341583 -0.0845411904104918 72.3048038355101 0.00699831857747577 0.108253054690602 0.994098737393444 0.105548529780654
0.739650767173811 -0.669433527767819 0.0691049529305356 243.014054299075 0.67295835144122 0.734695686838118 -0.0857280873867025 72.4951501319975 0.0066181451108525 0.109913600804474 0.993919111655211 0.0984219177406582
0.742542102919388 -0.666187259950869 0.0694676908441088 243.11958223923 0.669774967329146 0.73762504143955 -0.0855031659094797 72.6857390214792 0.00572001147676529 0.110017420986234 0.993913199705206 0.0918108829845708
0.744225266954647 -0.664349579326932 0.0690535189140926 243.210927381349 0.667908229422565 0.739405152251329 -0.0847267247909669 72.8492760325027 0.00522963630646291 0.109177182929059 0.994008548067759 0.0838779654952637
0.745326955437003 -0.663163284191403 0.0685725017735689 243.294012041521 0.666676460727668 0.740500730118906 -0.084859680679337 72.996586998854 0.00549783690533518 0.108963880225731 0.994030505867658 0.077496073819749
0.746131840351542 -0.662213750995408 0.0689943824250854 243.379559294578 0.665765594243215 0.741052553362344 -0.0871624155076604 73.1316872754402 0.00659168685538069 0.110968739506897 0.993802036884937 0.068905670102941
0.746259924086254 -0.661931581808282 0.0703043861190042 243.449733734128 0.665606920745528 0.740767905538363 -0.0907212057898489 73.24289466534 0.00797199839649432 0.114496686105321 0.993391642864215 0.0579503796894487
0.745845880546911 -0.662245598981157 0.0717264881427943 243.515545867377 0.666074235183552 0.740218013248929 -0.091773667718232 73.3485527287283 0.00768346899837619 0.116224177742438 0.993193286733374 0.0463865668100871
0.745758292021377 -0.662363087667744 0.0715521486512916 243.569068769805 0.666173981786921 0.740182319590741 -0.0913365192868195 73.4392429596838 0.00753630357122776 0.115781146394956 0.993246157942708 0.0351631699119102
0.743696529598082 -0.664836911212541 0.0700525042603324 243.615816195256 0.668458189729295 0.738142453202651 -0.0911557313821183 73.5187790332809 0.00889496754369674 0.114619371265721 0.993369658930172 0.023288373945073
0.737433813482281 -0.671878710045618 0.0690678631522856 243.663290707336 0.675331573374878 0.731823567417016 -0.0914414139000864 73.5973888733437 0.0108920492099616 0.114075699254826 0.993412350488723 0.0109139083731501
0.734305996757099 -0.675333301589591 0.068699598912025 243.703943216756 0.678707958974063 0.728589477985261 -0.0922652642895963 73.6626341356407 0.0122560006456202 0.114377901420146 0.993361709607782 -0.00218580850332399
0.736711174892356 -0.672747626670177 0.0683174618847608 243.741231663765 0.676091521790358 0.730944456520968 -0.0928464088937594 73.7226889679086 0.012525931179877 0.11458984375118 0.993333916040903 -0.0130741930937214
0.745679159041578 -0.662858702722168 0.0676825826674459 243.777123676718 0.666196854560693 0.739869928406508 -0.0936709133786507 73.7815470742242 0.0120142725324423 0.114938371596445 0.993299968786002 -0.0234232527241093
0.754543498115322 -0.652787146257914 0.0673279372352031 243.807395119743 0.656150113177163 0.748657369737006 -0.094758491524858 73.8298742356767 0.0114515688658915 0.115676637308161 0.993220910548899 -0.0326474005099333
0.760702935265568 -0.645602116040083 0.0672974891279281 243.836158951972 0.649012232374964 0.754794267571272 -0.0952299105807348 73.8694425626507 0.0106848727655301 0.116118566155989 0.993177885420261 -0.0409226109794652
0.763811263673457 -0.641909991222786 0.0674085799726247 243.868762989225 0.64536331302627 0.757938110651659 -0.0950579540151793 73.8985070047164 0.00992711868137739 0.116109360476076 0.993186824683312 -0.0466614787526178
0.766101757284028 -0.639189752186516 0.0672648361781366 243.892962495943 0.642651422172409 0.7602932116371 -0.0946223119476947 73.9168071880536 0.00934061379704337 0.11571816209348 0.993238168766988 -0.0506153807507714
0.766984664375134 -0.638109157945267 0.0674627835161974 243.911654328441 0.641602683587119 0.761188969768747 -0.0945375518839095 73.9182504835247 0.00897335094442222 0.115793155448776 0.993232814663331 -0.054376288414377
0.767085292356303 -0.637971749250206 0.0676180553497684 243.924336770502 0.641485987675447 0.761311211514097 -0.094344935417839 73.9142148810857 0.00871101984285712 0.115746647388069 0.993240570935218 -0.0572477562055461
0.76688536160617 -0.638231573998566 0.067433671896865 243.928681475055 0.641727424240325 0.761176514933163 -0.0937881980426405 73.8993192448732 0.00852966189564177 0.115198832743763 0.993305830951585 -0.0622599377060641
0.754068970040473 -0.653514450956936 0.0655656221854176 243.925591979189 0.656713439712102 0.748633358196531 -0.0909700670379318 73.8795201994694 0.0103656414948956 0.111655530028055 0.993692908342689 -0.0674857144028512
0.74023939073552 -0.669332483352802 0.0635584072509966 243.923136010267 0.67221553408334 0.734940730080482 -0.0893778440432505 73.8612471265828 0.0131118320823884 0.108885949495545 0.993967771037821 -0.0730199847242679
0.730251163214201 -0.680310917669842 0.0625323430196718 243.925156652431 0.683007398693795 0.724953230445035 -0.0891274761049914 73.846695780444 0.0153013709791757 0.10779549604011 0.994055329989042 -0.0781961010171035
0.728618325510193 -0.682108970933926 0.0619894144365798 243.929016866432 0.684752638368687 0.723450395626058 -0.0879394639261859 73.8296130226537 0.0151380308444005 0.106521720038539 0.994195133352695 -0.0837777783854761
0.73564953795459 -0.674644755455303 0.0606152723647996 243.929313607682 0.677220181592128 0.730710939919628 -0.0862226648051539 73.817084599923 0.0138774259690108 0.10447954928327 0.99443020912985 -0.0895333536556558
0.742385694992654 -0.667389907207538 0.0587723712963356 243.929739375707 0.669843891329886 0.737661057252176 -0.0846482478356249 73.8051868781337 0.0131392967206263 0.102209962191183 0.994676069135356 -0.0950898162510922
0.746495953017778 -0.662901239405344 0.0574955556799337 243.930876470308 0.665280242269969 0.742012175365338 -0.08258408354406 73.7937725843696 0.0120826889926056 0.0998993413615153 0.994924183152788 -0.101156463231341
0.748288422775672 -0.660990981242133 0.0561725827825915 243.931809623801 0.663279217117347 0.744067106718049 -0.0801549801349409 73.7884622495826 0.0111855478229155 0.0972371503942865 0.99519838228521 -0.107617633795342
0.746913916094337 -0.662674217928354 0.0546121125545709 243.92838278152 0.664837301974413 0.74299575194936 -0.0771276506098305 73.7956257036842 0.0105339379154946 0.0939158851220478 0.995524405865438 -0.112665891819624
0.742843847968536 -0.667351798495487 0.0531469150576334 243.924040419104 0.669394574465477 0.739272509756389 -0.0733965938901527 73.8079071900343 0.0096912956555703 0.090098464822302 0.995885709017445 -0.114473132940503
0.739552384211616 -0.671114421244808 0.0516498267583495 243.921134808054 0.673043962509808 0.736330256575053 -0.0694951637253593 73.8273601997528 0.0086078763938254 0.0861579180886505 0.996244306189308 -0.11328275237995
0.738988750178126 -0.671855934871957 0.0500522715519189 243.920687741128 0.673675159636655 0.736064435461936 -0.066112980091898 73.8413749017809 0.00757670104336281 0.0825757205565789 0.996555991390278 -0.110758064498605
0.739086447920822 -0.671858509753114 0.0485527071553421 243.920686577937 0.673581102520609 0.736457420651708 -0.0626016445004156 73.8574007202217 0.00630244610486282 0.0789722130838695 0.996856894811753 -0.106932383889576
0.739219098333275 -0.671820689276605 0.0470328195971003 243.919857803042 0.673444156286373 0.736841761906209 -0.0594742488367142 73.8674714718078 0.00530028518834577 0.0756384781104629 0.997121220116217 -0.104036118097663
0.739951217330472 -0.671131632898841 0.0453268937132759 243.918057251231 0.67264836262058 0.737850620203257 -0.0558627114408639 73.8862120340743 0.00404675610923639 0.07182474217296 0.997409058599719 -0.0984982201995442
0.739873169019202 -0.671327928757262 0.0436635527181907 243.916659364869 0.672739002345224 0.738001095463504 -0.0526936221778671 73.8974548713972 0.00315095049753239 0.0683607721223226 0.997655690278866 -0.0935392968159308
0.738949565467716 -0.672445144410671 0.0420840522477526 243.915272908865 0.673756227983855 0.7372730508892 -0.0498095742352919 73.9064506170167 0.00246676874520418 0.0651611555380221 0.997871704609819 -0.0888032451523259
0.738480758367277 -0.673050376705608 0.040612312637159 243.914518204719 0.674273177820464 0.737016977298455 -0.0464936215597897 73.9230668231827 0.00136058560428605 0.0617184380092099 0.998092672659465 -0.0808464061624821
0.738053518077722 -0.673614088134235 0.0390008297371705 243.91333027135 0.674741846807205 0.736762100557266 -0.0436468481067133 73.9339401074642 0.000666798546703559 0.0585292016820354 0.998285474165662 -0.0735511478209642
0.737777399833134 -0.674001314911784 0.037506476676065 243.911794412872 0.675044041057406 0.736656263176363 -0.040658240934982 73.9471519614807 -0.000225673100922972 0.0553152548600362 0.9984689137131 -0.0663249177301943
0.736996770181157 -0.674934784612861 0.0360388299219182 243.910118353481 0.675895720676542 0.736015436443347 -0.0380296211951883 73.957144757997 -0.00085762094360459 0.0523861989144808 0.998626532117792 -0.0597999251568409
0.736737275123121 -0.675298064456508 0.0345066889958949 243.90699216067 0.67617710515013 0.735899383241741 -0.035165611258993 73.973318258137 -0.00164618193116522 0.0492404496905494 0.998785596711987 -0.0530529267565108
0.736466690095872 -0.675669231984317 0.0329833795867103 243.904968066647 0.676470229045623 0.735745493390237 -0.032658814597623 73.9851763104562 -0.00220081671100705 0.0463644034328867 0.998922168389567 -0.0470448197179655
0.735944886178538 -0.676304775419988 0.031574914913353 243.903342260016 0.677035719851159 0.735329766702431 -0.0302120546632512 73.9968647516848 -0.00278541797287792 0.0436117523779671 0.999044671924753 -0.0413873568443479
0.735273978587625 -0.677092969867095 0.0302867391524715 243.901961202456 0.67776225904486 0.734744717933097 -0.0280805926544457 74.005037367788 -0.00323984973966867 0.0411741378292142 0.99914673284142 -0.0367848820044691
0.734629543620071 -0.677848269034277 0.0290027206966409 243.900671942768 0.678459053816167 0.734172807375186 -0.0261457684092937 74.0115488084395 -0.00357014501655981 0.038884612356053 0.999237329660216 -0.0328488406089573
0.733784233734858 -0.678812438073606 0.0278275446046182 243.900383972701 0.679371312932 0.733392226123449 -0.0242994202964923 74.0166470939576 -0.00391375614989275 0.0367357670161761 0.999317349961728 -0.0296552629924166
0.732832839722317 -0.679882804529899 0.0267469835512664 243.900508688305 0.680395662124448 0.732495904421583 -0.0226162102891907 74.0209764864558 -0.00421568342768057 0.0347724331931803 0.999386364677376 -0.0270237390580231
0.731914434859055 -0.680914340203202 0.0256304769872878 243.899767124809 0.681381961092505 0.731626962262213 -0.0209907405467851 74.0262565353785 -0.00445905176974952 0.0328275706779077 0.999451083075455 -0.0252759746286443
0.730790179453404 -0.682162399444093 0.0244984570768814 243.898730606307 0.682586692619559 0.730544451648349 -0.0194990057312736 74.0295748694386 -0.00459572335504058 0.0309720026879111 0.999509686984744 -0.0248541449354809
0.72988704441212 -0.68316511175506 0.0234591662265095 243.897646089316 0.683551397354651 0.729677179596901 -0.0181301061778536 74.0330409485791 -0.00473176223472915 0.0292684754679371 0.999560386755065 -0.0262062681724233
0.72901220061154 -0.684135514672574 0.0223564067600191 243.895968088112 0.684484328848325 0.72883174036198 -0.0168966802061746 74.0349238632439 -0.00473443983803519 0.0276204960967246 0.999607269518779 -0.0284309538564384
0.727904757746524 -0.68534648797171 0.0213273316386545 243.893023178014 0.685661978346929 0.727749584210909 -0.0157541781832282 74.0358850293476 -0.00472388604360229 0.0260908816581792 0.99964841359097 -0.0317137233454029
0.72682164336582 -0.686520214613697 0.020501064893787 243.892196623215 0.686809751093233 0.726687231266931 -0.0147659648129475 74.0357111698849 -0.0047607287533261 0.0248125540880765 0.999680785361688 -0.0340490058783746
0.725864209023861 -0.687554014032986 0.019764307356958 243.891802714289 0.687820951643352 0.725748943992255 -0.0138133549351085 74.0357103442495 -0.00484649756015373 0.023620924648773 0.99970923941921 -0.0362262137807224
0.725080478716579 -0.68840191679868 0.0190026401336108 243.89117158446 0.688647899918114 0.72497680142601 -0.0131418161791334 74.0334782201251 -0.00472962181478274 0.0226150025872822 0.999733060539394 -0.0395981186131198
0.724370998993352 -0.689168723469785 0.01825175083127 243.890265778466 0.689394836869052 0.72427849418154 -0.012466826557618 74.0322824016242 -0.00462760366381544 0.0216132703947166 0.999755696071382 -0.042683045261636
0.723016303394246 -0.690605639075746 0.0176430241995494 243.889229227795 0.690816219414538 0.722931922044608 -0.011932605863675 74.02836789619 -0.00451398049693682 0.0208155558579868 0.999773142575051 -0.0465715700773067
0.721657101500092 -0.692042059525648 0.0169945786058696 243.88744401773 0.692236742708938 0.721580936439528 -0.0113685623882746 74.0275438663637 -0.00439544061579053 0.0199684755191835 0.999790948192286 -0.0489748819966493
0.720330442306195 -0.693435786918737 0.0164579253662059 243.885418846178 0.693617521096112 0.720261859887415 -0.0108437825508626 74.0266879221004 -0.00433454904781805 0.0192266120760277 0.999805755670884 -0.0506144066591468
0.719461008718646 -0.69434992946394 0.0159383934879587 243.884367011702 0.694520311776504 0.719396372855734 -0.0105069144796771 74.0245737253434 -0.00417054713653692 0.0186288533045428 0.999817769576605 -0.0526308638906084
0.718438570902981 -0.69541670695548 0.0155442441464642 243.883302221634 0.695578511037966 0.718377588233275 -0.010206650104328 74.0224763649379 -0.00406876161624699 0.0181450933132685 0.999827085434057 -0.0546523705424105
